osu file format v14

[General]
AudioFilename: audio.mp3
AudioLeadIn: 0
PreviewTime: 39107
Countdown: 0
SampleSet: Soft
StackLeniency: 0.7
Mode: 3
LetterboxInBreaks: 0
SpecialStyle: 0
WidescreenStoryboard: 1

[Editor]
DistanceSpacing: 1
BeatDivisor: 4
GridSize: 8
TimelineZoom: 2.2

[Metadata]
Title:Loner
TitleUnicode:외톨이
Artist:Outsider
ArtistUnicode:Outsider
Creator:Remuring
Version:Normal
Source:
Tags:신옥철 K-POP Pump It Up Prime2 Maestro
BeatmapID:1392623
BeatmapSetID:657476

[Difficulty]
HPDrainRate:7
CircleSize:4
OverallDifficulty:7
ApproachRate:5
SliderMultiplier:1.4
SliderTickRate:1

[Events]
//Background and Video events
0,0,"outsider.jpg",0,0
//Break Periods
//Storyboard Layer 0 (Background)
//Storyboard Layer 1 (Fail)
//Storyboard Layer 2 (Pass)
//Storyboard Layer 3 (Foreground)
//Storyboard Layer 4 (Overlay)
//Storyboard Sound Samples

[TimingPoints]
8627,480,4,2,1,50,1,0


[HitObjects]
64,192,8627,5,0,0:0:0:0:
448,192,8627,1,0,0:0:0:70:soft-hitwhistle.wav
320,192,8867,1,0,0:0:0:0:
64,192,9107,1,0,0:0:0:0:
192,192,9107,1,0,0:0:0:50:drum-hitclap.wav
448,192,9347,1,0,0:0:0:0:
64,192,9587,1,0,0:0:0:70:soft-hitwhistle.wav
448,192,9827,1,0,0:0:0:0:
192,192,10067,1,0,0:0:0:50:drum-hitclap.wav
320,192,10067,1,0,0:0:0:0:
320,192,10307,1,0,0:0:0:0:
64,192,10547,1,0,0:0:0:70:soft-hitwhistle.wav
448,192,10547,1,0,0:0:0:0:
192,192,10787,1,0,0:0:0:0:
320,192,11027,1,0,0:0:0:50:drum-hitclap.wav
448,192,11027,1,0,0:0:0:0:
192,192,11267,1,0,0:0:0:0:
448,192,11507,1,0,0:0:0:70:soft-hitwhistle.wav
192,192,11747,1,0,0:0:0:0:
320,192,11987,1,0,0:0:0:50:drum-hitclap.wav
448,192,11987,1,0,0:0:0:0:
320,192,12227,1,0,0:0:0:0:
320,192,12467,1,0,0:0:0:70:soft-hitwhistle.wav
64,192,12467,128,0,12707:0:0:0:0:
320,192,12707,128,0,12947:0:0:0:0:
448,192,12947,1,0,0:0:0:50:drum-hitclap.wav
192,192,12947,128,0,13187:0:0:0:0:
448,192,13187,128,0,13427:0:0:0:0:
64,192,13427,1,0,0:0:0:70:soft-hitwhistle.wav
192,192,13667,1,0,0:0:0:0:
448,192,13907,1,0,0:0:0:50:drum-hitclap.wav
320,192,13907,1,0,0:0:0:0:
64,192,14147,1,0,0:0:0:0:
448,192,14387,1,0,0:0:0:70:soft-hitwhistle.wav
320,192,14387,128,0,14627:0:0:0:0:
64,192,14627,128,0,14867:0:0:0:0:
448,192,14867,128,0,15107:0:0:0:0:
192,192,14867,1,0,0:0:0:50:drum-hitclap.wav
192,192,15107,128,0,15347:0:0:0:0:
448,192,15347,128,0,15587:0:0:0:70:soft-hitwhistle.wav
320,192,15587,128,0,15827:0:0:0:0:
192,192,15827,128,0,16067:0:0:0:0:
448,192,15827,1,0,0:0:0:50:drum-hitclap.wav
64,192,16067,1,0,0:0:0:0:
448,192,16307,5,0,0:0:0:70:soft-hitwhistle.wav
64,192,16307,1,0,0:0:0:0:
192,192,16547,1,0,0:0:0:0:
448,192,16787,1,0,0:0:0:0:
320,192,16787,1,0,0:0:0:50:drum-hitclap.wav
64,192,17027,1,0,0:0:0:0:
448,192,17267,1,0,0:0:0:70:soft-hitwhistle.wav
64,192,17507,1,0,0:0:0:0:
320,192,17747,1,0,0:0:0:50:drum-hitclap.wav
192,192,17747,1,0,0:0:0:0:
192,192,17987,1,0,0:0:0:0:
448,192,18227,1,0,0:0:0:70:soft-hitwhistle.wav
64,192,18227,1,0,0:0:0:0:
320,192,18467,1,0,0:0:0:0:
192,192,18707,1,0,0:0:0:50:drum-hitclap.wav
64,192,18707,1,0,0:0:0:0:
320,192,18947,1,0,0:0:0:0:
64,192,19187,1,0,0:0:0:70:soft-hitwhistle.wav
320,192,19427,1,0,0:0:0:0:
192,192,19667,1,0,0:0:0:50:drum-hitclap.wav
64,192,19667,1,0,0:0:0:0:
64,192,19907,1,0,0:0:0:0:
192,192,20147,1,0,0:0:0:70:soft-hitwhistle.wav
448,192,20147,128,0,20387:0:0:0:0:
192,192,20387,128,0,20627:0:0:0:0:
64,192,20627,1,0,0:0:0:50:drum-hitclap.wav
320,192,20627,128,0,20867:0:0:0:0:
64,192,20867,128,0,21107:0:0:0:0:
448,192,21107,1,0,0:0:0:70:soft-hitwhistle.wav
320,192,21347,1,0,0:0:0:0:
64,192,21587,1,0,0:0:0:0:
192,192,21587,1,0,0:0:0:50:drum-hitclap.wav
448,192,21827,1,0,0:0:0:0:
64,192,22067,1,0,0:0:0:70:soft-hitwhistle.wav
192,192,22067,128,0,22307:0:0:0:0:
448,192,22307,128,0,22547:0:0:0:0:
64,192,22547,128,0,22787:0:0:0:0:
320,192,22547,1,0,0:0:0:50:drum-hitclap.wav
320,192,22787,128,0,23027:0:0:0:0:
64,192,23027,128,0,23267:0:0:0:70:soft-hitwhistle.wav
192,192,23267,128,0,23507:0:0:0:0:
320,192,23507,128,0,23747:0:0:0:0:
64,192,23507,1,0,0:0:0:50:drum-hitclap.wav
448,192,23747,1,0,0:0:0:0:
64,192,23987,128,0,24947:0:0:0:0:
448,192,23987,1,0,0:0:0:70:soft-hitwhistle.wav
320,192,24227,1,0,0:0:0:0:
192,192,24467,1,0,0:0:0:0:
448,192,24467,1,0,0:0:0:50:drum-hitclap.wav
320,192,24707,1,0,0:0:0:0:
192,192,24947,128,0,25427:0:0:0:70:soft-hitwhistle.wav
448,192,25187,1,0,0:0:0:0:
320,192,25427,128,0,25907:0:0:0:50:drum-hitclap.wav
64,192,25427,1,0,0:0:0:0:
192,192,25667,1,0,0:0:0:0:
448,192,25907,128,0,26867:0:0:0:70:soft-hitwhistle.wav
64,192,26147,1,0,0:0:0:0:
320,192,26387,1,0,0:0:0:0:
192,192,26387,1,0,0:0:0:50:drum-hitclap.wav
320,192,26627,1,0,0:0:0:0:
192,192,26867,128,0,27587:0:0:0:70:soft-hitwhistle.wav
448,192,27107,1,0,0:0:0:0:
64,192,27347,1,0,0:0:0:0:
320,192,27347,1,0,0:0:0:50:drum-hitclap.wav
320,192,27587,1,0,0:0:0:0:
64,192,27827,128,0,29027:0:0:0:70:soft-hitwhistle.wav
320,192,28067,1,0,0:0:0:0:
448,192,28307,1,0,0:0:0:50:drum-hitclap.wav
192,192,28307,1,0,0:0:0:0:
320,192,28547,1,0,0:0:0:0:
448,192,28787,1,0,0:0:0:70:soft-hitwhistle.wav
320,192,29027,1,0,0:0:0:0:
192,192,29267,128,0,29507:0:0:0:50:drum-hitclap.wav
64,192,29267,1,0,0:0:0:0:
320,192,29507,128,0,29747:0:0:0:0:
448,192,29747,128,0,30227:0:0:0:70:soft-hitwhistle.wav
192,192,29987,1,0,0:0:0:0:
320,192,30227,128,0,30707:0:0:0:0:
64,192,30227,1,0,0:0:0:50:drum-hitclap.wav
448,192,30467,1,0,0:0:0:0:
192,192,30707,128,0,31187:0:0:0:70:soft-hitwhistle.wav
320,192,30947,1,0,0:0:0:0:
64,192,31187,128,0,31427:0:0:0:0:
448,192,31187,1,0,0:0:0:50:drum-hitclap.wav
320,192,31427,128,0,31667:0:0:0:0:
448,192,31667,128,0,32627:0:0:0:70:soft-hitwhistle.wav
64,192,31667,1,0,0:0:0:0:
192,192,31907,1,0,0:0:0:0:
320,192,32147,1,0,0:0:0:50:drum-hitclap.wav
64,192,32147,1,0,0:0:0:0:
192,192,32387,1,0,0:0:0:0:
64,192,32627,128,0,32867:0:0:0:70:soft-hitwhistle.wav
192,192,32867,128,0,33107:0:0:0:0:
448,192,33107,1,0,0:0:0:50:drum-hitclap.wav
320,192,33107,1,0,0:0:0:0:
192,192,33347,1,0,0:0:0:0:
64,192,33587,1,0,0:0:0:70:soft-hitwhistle.wav
192,192,33827,1,0,0:0:0:0:
320,192,33947,1,0,0:0:0:0:
64,192,34067,1,0,0:0:0:0:
448,192,34067,1,0,0:0:0:50:drum-hitclap.wav
192,192,34187,1,0,0:0:0:0:
320,192,34307,1,0,0:0:0:0:
448,192,34427,1,0,0:0:0:0:
64,192,34547,1,0,0:0:0:70:soft-hitwhistle.wav
320,192,34787,1,0,0:0:0:0:
192,192,35027,1,0,0:0:0:0:
448,192,35027,1,0,0:0:0:50:drum-hitclap.wav
320,192,35147,1,0,0:0:0:0:
192,192,35267,1,0,0:0:0:0:
64,192,35387,1,0,0:0:0:0:
448,192,35507,128,0,35747:0:0:0:70:soft-hitwhistle.wav
320,192,35507,128,0,35747:0:0:0:0:
64,192,35747,1,0,0:0:0:0:
320,192,35987,128,0,36227:0:0:0:0:
448,192,35987,128,0,36227:0:0:0:50:drum-hitclap.wav
192,192,36227,1,0,0:0:0:0:
64,192,36467,1,0,0:0:0:70:soft-hitwhistle.wav
448,192,36707,1,0,0:0:0:0:
64,192,36947,1,0,0:0:0:0:
320,192,36947,1,0,0:0:0:50:drum-hitclap.wav
192,192,37067,1,0,0:0:0:0:
320,192,37187,1,0,0:0:0:0:
448,192,37307,1,0,0:0:0:0:
64,192,37427,128,0,37667:0:0:0:0:
192,192,37427,128,0,37667:0:0:0:70:soft-hitwhistle.wav
448,192,37667,1,0,0:0:0:0:
64,192,37907,128,0,38147:0:0:0:50:drum-hitclap.wav
192,192,37907,128,0,38147:0:0:0:0:
320,192,38147,1,0,0:0:0:0:
448,192,38387,128,0,38627:0:0:0:70:soft-hitwhistle.wav
192,192,38627,128,0,38867:0:0:0:0:
64,192,38867,128,0,39107:0:0:0:50:drum-hitclap.wav
448,192,38867,1,0,0:0:0:0:
320,192,39107,128,0,39347:0:0:0:0:
64,192,39347,1,0,0:0:0:70:soft-hitwhistle.wav
320,192,39587,1,0,0:0:0:0:
192,192,39827,1,0,0:0:0:0:
448,192,39827,1,0,0:0:0:50:drum-hitclap.wav
64,192,40067,1,0,0:0:0:0:
448,192,40307,1,0,0:0:0:70:soft-hitwhistle.wav
448,192,40547,1,0,0:0:0:0:
64,192,40787,1,0,0:0:0:0:
320,192,40787,1,0,0:0:0:50:drum-hitclap.wav
192,192,41027,1,0,0:0:0:0:
64,192,41267,1,0,0:0:0:70:soft-hitwhistle.wav
320,192,41507,1,0,0:0:0:0:
192,192,41747,1,0,0:0:0:0:
448,192,41747,1,0,0:0:0:50:drum-hitclap.wav
64,192,41987,1,0,0:0:0:0:
448,192,42227,1,0,0:0:0:70:soft-hitwhistle.wav
448,192,42467,1,0,0:0:0:0:
64,192,42707,1,0,0:0:0:0:
192,192,42707,1,0,0:0:0:50:drum-hitclap.wav
320,192,42947,1,0,0:0:0:0:
448,192,43187,1,0,0:0:0:70:soft-hitwhistle.wav
192,192,43427,1,0,0:0:0:0:
320,192,43667,1,0,0:0:0:50:drum-hitclap.wav
448,192,43667,1,0,0:0:0:0:
320,192,43907,1,0,0:0:0:0:
64,192,44147,1,0,0:0:0:70:soft-hitwhistle.wav
448,192,44387,1,0,0:0:0:0:
64,192,44627,1,0,0:0:0:0:
192,192,44627,1,0,0:0:0:50:drum-hitclap.wav
192,192,44867,1,0,0:0:0:0:
448,192,45107,1,0,0:0:0:70:soft-hitwhistle.wav
320,192,45347,1,0,0:0:0:0:
192,192,45587,1,0,0:0:0:50:drum-hitclap.wav
64,192,45587,1,0,0:0:0:0:
320,192,45827,1,0,0:0:0:0:
448,192,46067,1,0,0:0:0:70:soft-hitwhistle.wav
192,192,46307,1,0,0:0:0:0:
320,192,46547,1,0,0:0:0:50:drum-hitclap.wav
448,192,46547,1,0,0:0:0:0:
64,192,46787,1,0,0:0:0:0:
192,192,47027,1,0,0:0:0:70:soft-hitwhistle.wav
448,192,47267,1,0,0:0:0:0:
320,192,47507,1,0,0:0:0:50:drum-hitclap.wav
64,192,47507,1,0,0:0:0:0:
192,192,47747,1,0,0:0:0:0:
64,192,47987,1,0,0:0:0:70:soft-hitwhistle.wav
64,192,48227,1,0,0:0:0:0:
320,192,48467,1,0,0:0:0:50:drum-hitclap.wav
448,192,48467,1,0,0:0:0:0:
192,192,48707,1,0,0:0:0:0:
64,192,48947,1,0,0:0:0:70:soft-hitwhistle.wav
320,192,49187,1,0,0:0:0:0:
448,192,49427,1,0,0:0:0:50:drum-hitclap.wav
64,192,49427,1,0,0:0:0:0:
192,192,49667,1,0,0:0:0:0:
64,192,49907,1,0,0:0:0:70:soft-hitwhistle.wav
64,192,50147,1,0,0:0:0:0:
320,192,50387,1,0,0:0:0:50:drum-hitclap.wav
448,192,50387,1,0,0:0:0:0:
192,192,50627,1,0,0:0:0:0:
448,192,50867,1,0,0:0:0:70:soft-hitwhistle.wav
320,192,51107,1,0,0:0:0:0:
64,192,51347,1,0,0:0:0:0:
192,192,51347,1,0,0:0:0:50:drum-hitclap.wav
192,192,51587,1,0,0:0:0:0:
320,192,51827,1,0,0:0:0:70:soft-hitwhistle.wav
192,192,52067,1,0,0:0:0:0:
320,192,52307,1,0,0:0:0:50:drum-hitclap.wav
448,192,52307,1,0,0:0:0:0:
320,192,52547,1,0,0:0:0:0:
64,192,52787,1,0,0:0:0:70:soft-hitwhistle.wav
192,192,53027,1,0,0:0:0:0:
320,192,53267,1,0,0:0:0:0:
448,192,53267,1,0,0:0:0:50:drum-hitclap.wav
192,192,53507,1,0,0:0:0:0:
448,192,53747,1,0,0:0:0:70:soft-hitwhistle.wav
320,192,53987,1,0,0:0:0:0:
64,192,54227,1,0,0:0:0:0:
192,192,54227,1,0,0:0:0:50:drum-hitclap.wav
448,192,54347,1,0,0:0:0:0:
64,192,54467,1,0,0:0:0:0:
192,192,54587,1,0,0:0:0:0:
448,192,54707,128,0,55427:0:0:0:70:soft-hitwhistle.wav
320,192,54707,1,0,0:0:0:0:
320,192,55187,1,0,0:0:0:50:drum-hitclap.wav
64,192,55187,1,0,0:0:0:0:
192,192,55427,128,0,55907:0:0:0:0:
448,192,55667,1,0,0:0:0:70:soft-hitwhistle.wav
320,192,55907,128,0,56387:0:0:0:0:
64,192,56147,1,0,0:0:0:0:
448,192,56147,1,0,0:0:0:50:drum-hitclap.wav
64,192,56387,128,0,56867:0:0:0:0:
320,192,56627,1,0,0:0:0:0:
448,192,56867,128,0,57107:0:0:0:0:
320,192,57107,128,0,58067:0:0:0:50:drum-hitclap.wav
192,192,57107,1,0,0:0:0:0:
64,192,57587,1,0,0:0:0:70:soft-hitwhistle.wav
448,192,58067,1,0,0:0:0:0:
192,192,58067,1,0,0:0:0:50:drum-hitclap.wav
320,192,58307,1,0,0:0:0:0:
192,192,58427,1,0,0:0:0:0:
64,192,58547,128,0,58787:0:0:0:70:soft-hitwhistle.wav
448,192,58547,1,0,0:0:0:0:
320,192,58787,128,0,59267:0:0:0:0:
64,192,59027,1,0,0:0:0:50:drum-hitclap.wav
448,192,59027,1,0,0:0:0:0:
192,192,59267,128,0,59747:0:0:0:0:
64,192,59507,1,0,0:0:0:70:soft-hitwhistle.wav
448,192,59747,128,0,60227:0:0:0:0:
192,192,59987,1,0,0:0:0:0:
64,192,59987,1,0,0:0:0:50:drum-hitclap.wav
320,192,60227,128,0,60707:0:0:0:0:
64,192,60467,1,0,0:0:0:70:soft-hitwhistle.wav
192,192,60707,128,0,61067:0:0:0:0:
448,192,60947,1,0,0:0:0:50:drum-hitclap.wav
320,192,60947,1,0,0:0:0:0:
64,192,61067,128,0,61427:0:0:0:0:
320,192,61427,128,0,61667:0:0:0:70:soft-hitwhistle.wav
192,192,61667,128,0,62147:0:0:0:0:
64,192,61907,1,0,0:0:0:50:drum-hitclap.wav
448,192,61907,1,0,0:0:0:0:
448,192,62147,1,0,0:0:0:0:
320,192,62267,1,0,0:0:0:0:
64,192,62387,128,0,63587:0:0:0:70:soft-hitwhistle.wav
192,192,62387,1,0,0:0:0:0:
320,192,62867,1,0,0:0:0:0:
448,192,62867,1,0,0:0:0:50:drum-hitclap.wav
448,192,63347,1,0,0:0:0:0:
192,192,63587,128,0,63827:0:0:0:0:
320,192,63827,128,0,64067:0:0:0:0:
64,192,63827,1,0,0:0:0:50:drum-hitclap.wav
448,192,64067,128,0,64787:0:0:0:0:
64,192,64307,1,0,0:0:0:70:soft-hitwhistle.wav
320,192,64787,1,0,0:0:0:50:drum-hitclap.wav
192,192,64787,1,0,0:0:0:0:
64,192,65027,128,0,65507:0:0:0:0:
320,192,65267,1,0,0:0:0:70:soft-hitwhistle.wav
448,192,65507,128,0,65987:0:0:0:0:
192,192,65747,1,0,0:0:0:0:
320,192,65747,1,0,0:0:0:50:drum-hitclap.wav
64,192,66227,1,0,0:0:0:0:
448,192,66227,1,0,0:0:0:70:soft-hitwhistle.wav
192,192,66347,1,0,0:0:0:0:
320,192,66467,128,0,67187:0:0:0:0:
64,192,66707,1,0,0:0:0:50:drum-hitclap.wav
448,192,66707,1,0,0:0:0:0:
64,192,67187,1,0,0:0:0:70:soft-hitwhistle.wav
192,192,67427,1,0,0:0:0:0:
320,192,67667,1,0,0:0:0:50:drum-hitclap.wav
64,192,67667,1,0,0:0:0:0:
448,192,67907,1,0,0:0:0:0:
64,192,68147,128,0,68387:0:0:0:70:soft-hitwhistle.wav
320,192,68147,1,0,0:0:0:0:
192,192,68387,128,0,68627:0:0:0:0:
320,192,68627,128,0,68867:0:0:0:50:drum-hitclap.wav
64,192,68627,1,0,0:0:0:0:
448,192,68867,128,0,69107:0:0:0:0:
320,192,69107,128,0,69347:0:0:0:70:soft-hitwhistle.wav
64,192,69107,1,0,0:0:0:0:
192,192,69347,128,0,69587:0:0:0:0:
64,192,69587,128,0,69827:0:0:0:50:drum-hitclap.wav
448,192,69587,1,0,0:0:0:0:
320,192,69827,1,0,0:0:0:0:
64,192,70067,1,0,0:0:0:0:
448,192,70067,1,0,0:0:0:70:soft-hitwhistle.wav
192,192,70307,1,0,0:0:0:0:
448,192,70547,1,0,0:0:0:50:drum-hitclap.wav
320,192,70547,1,0,0:0:0:0:
64,192,70787,1,0,0:0:0:0:
192,192,71027,1,0,0:0:0:70:soft-hitwhistle.wav
320,192,71267,1,0,0:0:0:0:
448,192,71507,1,0,0:0:0:50:drum-hitclap.wav
64,192,71507,1,0,0:0:0:0:
192,192,71747,1,0,0:0:0:0:
64,192,71987,1,0,0:0:0:70:soft-hitwhistle.wav
320,192,72227,1,0,0:0:0:0:
64,192,72467,1,0,0:0:0:0:
192,192,72467,1,0,0:0:0:50:drum-hitclap.wav
448,192,72707,1,0,0:0:0:0:
320,192,72947,1,0,0:0:0:70:soft-hitwhistle.wav
192,192,73187,1,0,0:0:0:0:
64,192,73427,1,0,0:0:0:50:drum-hitclap.wav
448,192,73427,1,0,0:0:0:0:
320,192,73667,1,0,0:0:0:0:
64,192,73907,1,0,0:0:0:70:soft-hitwhistle.wav
192,192,74147,1,0,0:0:0:0:
64,192,74387,1,0,0:0:0:0:
320,192,74387,1,0,0:0:0:50:drum-hitclap.wav
448,192,74627,1,0,0:0:0:0:
192,192,74867,1,0,0:0:0:70:soft-hitwhistle.wav
64,192,75107,1,0,0:0:0:0:
192,192,75347,1,0,0:0:0:0:
448,192,75347,1,0,0:0:0:50:drum-hitclap.wav
320,192,75587,1,0,0:0:0:0:
192,192,75827,1,0,0:0:0:70:soft-hitwhistle.wav
64,192,76067,1,0,0:0:0:0:
192,192,76307,1,0,0:0:0:0:
320,192,76307,1,0,0:0:0:50:drum-hitclap.wav
448,192,76547,1,0,0:0:0:0:
64,192,76787,1,0,0:0:0:70:soft-hitwhistle.wav
192,192,77027,1,0,0:0:0:0:
320,192,77267,1,0,0:0:0:50:drum-hitclap.wav
448,192,77267,1,0,0:0:0:0:
192,192,77507,1,0,0:0:0:0:
320,192,77747,1,0,0:0:0:70:soft-hitwhistle.wav
64,192,77987,1,0,0:0:0:0:
192,192,78227,1,0,0:0:0:50:drum-hitclap.wav
448,192,78227,1,0,0:0:0:0:
64,192,78467,1,0,0:0:0:0:
320,192,78707,1,0,0:0:0:70:soft-hitwhistle.wav
448,192,78947,1,0,0:0:0:0:
320,192,79187,1,0,0:0:0:0:
64,192,79187,1,0,0:0:0:50:drum-hitclap.wav
192,192,79427,1,0,0:0:0:0:
448,192,79667,1,0,0:0:0:70:soft-hitwhistle.wav
320,192,79907,1,0,0:0:0:0:
64,192,80147,1,0,0:0:0:0:
192,192,80147,1,0,0:0:0:50:drum-hitclap.wav
448,192,80387,1,0,0:0:0:0:
320,192,80627,1,0,0:0:0:70:soft-hitwhistle.wav
192,192,80867,1,0,0:0:0:0:
448,192,81107,1,0,0:0:0:50:drum-hitclap.wav
64,192,81107,1,0,0:0:0:0:
192,192,81347,1,0,0:0:0:0:
320,192,81587,1,0,0:0:0:70:soft-hitwhistle.wav
448,192,81827,1,0,0:0:0:0:
64,192,82067,1,0,0:0:0:0:
192,192,82067,1,0,0:0:0:50:drum-hitclap.wav
320,192,82307,1,0,0:0:0:0:
448,192,82547,1,0,0:0:0:70:soft-hitwhistle.wav
192,192,82787,1,0,0:0:0:0:
448,192,83027,1,0,0:0:0:50:drum-hitclap.wav
64,192,83027,1,0,0:0:0:0:
320,192,83267,1,0,0:0:0:0:
192,192,83507,1,0,0:0:0:70:soft-hitwhistle.wav
448,192,83747,1,0,0:0:0:0:
64,192,83987,1,0,0:0:0:0:
320,192,83987,1,0,0:0:0:50:drum-hitclap.wav
192,192,84227,1,0,0:0:0:0:
320,192,84467,1,0,0:0:0:70:soft-hitwhistle.wav
64,192,84707,1,0,0:0:0:0:
320,192,84947,1,0,0:0:0:50:drum-hitclap.wav
448,192,84947,1,0,0:0:0:0:
192,192,85187,1,0,0:0:0:0:
64,192,85427,1,0,0:0:0:70:soft-hitwhistle.wav
320,192,85667,1,0,0:0:0:0:
192,192,85907,1,0,0:0:0:50:drum-hitclap.wav
64,192,85907,1,0,0:0:0:0:
448,192,86147,1,0,0:0:0:0:
320,192,86387,1,0,0:0:0:70:soft-hitwhistle.wav
64,192,86627,1,0,0:0:0:0:
192,192,86867,1,0,0:0:0:0:
448,192,86867,1,0,0:0:0:50:drum-hitclap.wav
320,192,87107,1,0,0:0:0:0:
448,192,87347,1,0,0:0:0:70:soft-hitwhistle.wav
192,192,87587,1,0,0:0:0:0:
320,192,87827,1,0,0:0:0:50:drum-hitclap.wav
448,192,87827,1,0,0:0:0:0:
192,192,88067,1,0,0:0:0:0:
64,192,88307,1,0,0:0:0:70:soft-hitwhistle.wav
192,192,88547,1,0,0:0:0:0:
320,192,88787,1,0,0:0:0:50:drum-hitclap.wav
448,192,88787,1,0,0:0:0:0:
192,192,89027,1,0,0:0:0:0:
448,192,89267,1,0,0:0:0:70:soft-hitwhistle.wav
320,192,89507,1,0,0:0:0:0:
64,192,89747,128,0,89987:0:0:0:0:
448,192,89747,128,0,89987:0:0:0:50:drum-hitclap.wav
192,192,89987,1,0,0:0:0:0:
320,192,90227,1,0,0:0:0:70:soft-hitwhistle.wav
192,192,90467,1,0,0:0:0:0:
64,192,90707,128,0,90947:0:0:0:0:
448,192,90707,128,0,90947:0:0:0:50:drum-hitclap.wav
320,192,90947,1,0,0:0:0:0:
192,192,91187,1,0,0:0:0:70:soft-hitwhistle.wav
320,192,91427,1,0,0:0:0:0:
192,192,91667,128,0,91907:0:0:0:0:
448,192,91667,128,0,91907:0:0:0:50:drum-hitclap.wav
64,192,91907,1,0,0:0:0:0:
320,192,92147,1,0,0:0:0:70:soft-hitwhistle.wav
192,192,92387,1,0,0:0:0:0:
64,192,92627,128,0,92867:0:0:0:0:
320,192,92627,128,0,92867:0:0:0:50:drum-hitclap.wav
448,192,92867,1,0,0:0:0:0:
192,192,92987,1,0,0:0:0:0:
448,192,93107,1,0,0:0:0:70:soft-hitwhistle.wav
320,192,93347,1,0,0:0:0:0:
64,192,93587,1,0,0:0:0:0:
192,192,93587,1,0,0:0:0:50:drum-hitclap.wav
320,192,93827,1,0,0:0:0:0:
64,192,94067,1,0,0:0:0:70:soft-hitwhistle.wav
192,192,94307,1,0,0:0:0:0:
320,192,94547,1,0,0:0:0:0:
448,192,94547,1,0,0:0:0:50:drum-hitclap.wav
192,192,94787,1,0,0:0:0:0:
448,192,95027,1,0,0:0:0:70:soft-hitwhistle.wav
192,192,95267,1,0,0:0:0:0:
64,192,95507,1,0,0:0:0:0:
320,192,95507,1,0,0:0:0:50:drum-hitclap.wav
448,192,95747,1,0,0:0:0:0:
192,192,95987,1,0,0:0:0:70:soft-hitwhistle.wav
320,192,96227,1,0,0:0:0:0:
448,192,96467,1,0,0:0:0:50:drum-hitclap.wav
64,192,96467,1,0,0:0:0:0:
320,192,96707,1,0,0:0:0:0:
192,192,96947,1,0,0:0:0:70:soft-hitwhistle.wav
448,192,97187,1,0,0:0:0:0:
320,192,97427,1,0,0:0:0:50:drum-hitclap.wav
64,192,97427,1,0,0:0:0:0:
192,192,97667,1,0,0:0:0:0:
448,192,97907,1,0,0:0:0:70:soft-hitwhistle.wav
320,192,98147,1,0,0:0:0:0:
64,192,98387,1,0,0:0:0:0:
192,192,98387,1,0,0:0:0:50:drum-hitclap.wav
320,192,98627,1,0,0:0:0:0:
448,192,98867,1,0,0:0:0:70:soft-hitwhistle.wav
192,192,99107,1,0,0:0:0:0:
448,192,99347,1,0,0:0:0:0:
64,192,99347,1,0,0:0:0:50:drum-hitclap.wav
320,192,99587,1,0,0:0:0:0:
64,192,99827,1,0,0:0:0:70:soft-hitwhistle.wav
192,192,100067,1,0,0:0:0:0:
320,192,100307,1,0,0:0:0:0:
448,192,100307,128,0,100667:0:0:0:50:drum-hitclap.wav
64,192,100427,1,0,0:0:0:0:
192,192,100547,1,0,0:0:0:0:
320,192,100667,1,0,0:0:0:0:
64,192,101747,128,0,102707:0:0:0:0:
448,192,102707,1,0,0:0:0:70:soft-hitwhistle.wav
192,192,102947,1,0,0:0:0:0:
320,192,103187,1,0,0:0:0:50:drum-hitclap.wav
64,192,103187,1,0,0:0:0:0:
448,192,103427,1,0,0:0:0:0:
64,192,103667,1,0,0:0:0:70:soft-hitwhistle.wav
64,192,103907,1,0,0:0:0:0:
448,192,104147,1,0,0:0:0:0:
192,192,104147,1,0,0:0:0:50:drum-hitclap.wav
320,192,104387,1,0,0:0:0:0:
448,192,104627,1,0,0:0:0:70:soft-hitwhistle.wav
192,192,104867,1,0,0:0:0:0:
320,192,105107,1,0,0:0:0:50:drum-hitclap.wav
64,192,105107,1,0,0:0:0:0:
448,192,105347,1,0,0:0:0:0:
64,192,105587,1,0,0:0:0:70:soft-hitwhistle.wav
64,192,105827,1,0,0:0:0:0:
448,192,106067,1,0,0:0:0:0:
320,192,106067,1,0,0:0:0:50:drum-hitclap.wav
192,192,106307,1,0,0:0:0:0:
64,192,106547,1,0,0:0:0:70:soft-hitwhistle.wav
320,192,106787,1,0,0:0:0:0:
192,192,107027,1,0,0:0:0:50:drum-hitclap.wav
64,192,107027,1,0,0:0:0:0:
192,192,107267,1,0,0:0:0:0:
448,192,107507,1,0,0:0:0:70:soft-hitwhistle.wav
64,192,107747,1,0,0:0:0:0:
448,192,107987,1,0,0:0:0:0:
320,192,107987,1,0,0:0:0:50:drum-hitclap.wav
320,192,108227,1,0,0:0:0:0:
64,192,108467,1,0,0:0:0:70:soft-hitwhistle.wav
192,192,108707,1,0,0:0:0:0:
320,192,108947,1,0,0:0:0:50:drum-hitclap.wav
448,192,108947,1,0,0:0:0:0:
192,192,109187,1,0,0:0:0:0:
64,192,109427,1,0,0:0:0:70:soft-hitwhistle.wav
320,192,109667,1,0,0:0:0:0:
192,192,109907,1,0,0:0:0:50:drum-hitclap.wav
64,192,109907,1,0,0:0:0:0:
448,192,110147,1,0,0:0:0:0:
320,192,110387,1,0,0:0:0:70:soft-hitwhistle.wav
64,192,110627,1,0,0:0:0:0:
192,192,110867,1,0,0:0:0:0:
448,192,110867,1,0,0:0:0:50:drum-hitclap.wav
320,192,111107,1,0,0:0:0:0:
448,192,111347,1,0,0:0:0:70:soft-hitwhistle.wav
448,192,111587,1,0,0:0:0:0:
192,192,111827,1,0,0:0:0:50:drum-hitclap.wav
64,192,111827,1,0,0:0:0:0:
320,192,112067,1,0,0:0:0:0:
448,192,112307,1,0,0:0:0:70:soft-hitwhistle.wav
192,192,112547,1,0,0:0:0:0:
64,192,112787,1,0,0:0:0:0:
448,192,112787,1,0,0:0:0:50:drum-hitclap.wav
320,192,113027,1,0,0:0:0:0:
448,192,113267,1,0,0:0:0:70:soft-hitwhistle.wav
448,192,113507,1,0,0:0:0:0:
192,192,113747,1,0,0:0:0:50:drum-hitclap.wav
64,192,113747,1,0,0:0:0:0:
320,192,113987,1,0,0:0:0:0:
64,192,114227,1,0,0:0:0:70:soft-hitwhistle.wav
192,192,114467,1,0,0:0:0:0:
448,192,114707,1,0,0:0:0:50:drum-hitclap.wav
320,192,114707,1,0,0:0:0:0:
320,192,114947,1,0,0:0:0:0:
192,192,115187,1,0,0:0:0:70:soft-hitwhistle.wav
320,192,115427,1,0,0:0:0:0:
192,192,115667,1,0,0:0:0:0:
64,192,115667,1,0,0:0:0:50:drum-hitclap.wav
192,192,115907,1,0,0:0:0:0:
448,192,116147,1,0,0:0:0:70:soft-hitwhistle.wav
320,192,116387,1,0,0:0:0:0:
192,192,116627,1,0,0:0:0:50:drum-hitclap.wav
64,192,116627,1,0,0:0:0:0:
320,192,116867,1,0,0:0:0:0:
64,192,117107,1,0,0:0:0:70:soft-hitwhistle.wav
192,192,117347,1,0,0:0:0:0:
448,192,117587,1,0,0:0:0:50:drum-hitclap.wav
320,192,117587,1,0,0:0:0:0:
192,192,117827,1,0,0:0:0:0:
64,192,118067,128,0,118547:0:0:0:0:
320,192,118067,1,0,0:0:0:70:soft-hitwhistle.wav
192,192,118547,128,0,119027:0:0:0:0:
448,192,118547,1,0,0:0:0:50:drum-hitclap.wav
320,192,119027,128,0,119507:0:0:0:70:soft-hitwhistle.wav
448,192,119507,128,0,119987:0:0:0:50:drum-hitclap.wav
64,192,119507,1,0,0:0:0:0:
192,192,119987,128,0,120947:0:0:0:70:soft-hitwhistle.wav
448,192,120467,1,0,0:0:0:50:drum-hitclap.wav
320,192,120467,1,0,0:0:0:0:
448,192,120947,128,0,121907:0:0:0:70:soft-hitwhistle.wav
64,192,121427,1,0,0:0:0:0:
192,192,121427,1,0,0:0:0:50:drum-hitclap.wav
320,192,121907,128,0,123827:0:0:0:70:soft-hitwhistle.wav
448,192,122387,1,0,0:0:0:0:
64,192,122387,1,0,0:0:0:50:drum-hitclap.wav
192,192,122867,1,0,0:0:0:70:soft-hitwhistle.wav
64,192,123347,1,0,0:0:0:0:
448,192,123347,1,0,0:0:0:50:drum-hitclap.wav
64,192,123827,128,0,125747:0:0:0:70:soft-hitwhistle.wav
192,192,123827,1,0,0:0:0:0:
448,192,124307,1,0,0:0:0:50:drum-hitclap.wav
320,192,124307,1,0,0:0:0:0:
192,192,124787,1,0,0:0:0:0:
448,192,124787,1,0,0:0:0:70:soft-hitwhistle.wav
192,192,125267,1,0,0:0:0:0:
320,192,125267,1,0,0:0:0:50:drum-hitclap.wav
448,192,125747,1,0,0:0:0:0:
