osu file format v14

[General]
AudioFilename: audio.mp3
AudioLeadIn: 0
PreviewTime: 39107
Countdown: 0
SampleSet: Soft
StackLeniency: 0.7
Mode: 3
LetterboxInBreaks: 0
SpecialStyle: 0
WidescreenStoryboard: 1

[Editor]
DistanceSpacing: 1
BeatDivisor: 4
GridSize: 8
TimelineZoom: 2.2

[Metadata]
Title:Loner
TitleUnicode:외톨이
Artist:Outsider
ArtistUnicode:Outsider
Creator:Remuring
Version:Hard
Source:
Tags:신옥철 K-POP Pump It Up Prime2 Maestro
BeatmapID:1392621
BeatmapSetID:657476

[Difficulty]
HPDrainRate:7.5
CircleSize:4
OverallDifficulty:7.5
ApproachRate:5
SliderMultiplier:1.4
SliderTickRate:1

[Events]
//Background and Video events
0,0,"outsider.jpg",0,0
//Break Periods
//Storyboard Layer 0 (Background)
//Storyboard Layer 1 (Fail)
//Storyboard Layer 2 (Pass)
//Storyboard Layer 3 (Foreground)
//Storyboard Layer 4 (Overlay)
//Storyboard Sound Samples

[TimingPoints]
8627,480,4,2,1,50,1,0


[HitObjects]
64,192,8627,5,0,0:0:0:70:soft-hitwhistle.wav
448,192,8627,1,0,0:0:0:0:
320,192,8867,1,0,0:0:0:0:
64,192,9107,1,0,0:0:0:50:drum-hitclap.wav
192,192,9107,1,0,0:0:0:0:
320,192,9347,1,0,0:0:0:0:
448,192,9587,1,0,0:0:0:70:soft-hitwhistle.wav
192,192,9587,1,0,0:0:0:0:
64,192,9827,1,0,0:0:0:0:
320,192,10067,1,0,0:0:0:50:drum-hitclap.wav
448,192,10067,1,0,0:0:0:0:
448,192,10307,1,0,0:0:0:0:
320,192,10307,1,0,0:0:0:0:
64,192,10547,1,0,0:0:0:70:soft-hitwhistle.wav
192,192,10547,1,0,0:0:0:0:
320,192,10787,1,0,0:0:0:0:
64,192,11027,1,0,0:0:0:50:drum-hitclap.wav
448,192,11027,1,0,0:0:0:0:
192,192,11267,1,0,0:0:0:0:
320,192,11507,1,0,0:0:0:70:soft-hitwhistle.wav
448,192,11507,1,0,0:0:0:0:
192,192,11747,1,0,0:0:0:0:
64,192,11987,1,0,0:0:0:50:drum-hitclap.wav
320,192,11987,1,0,0:0:0:0:
64,192,12227,1,0,0:0:0:0:
320,192,12227,1,0,0:0:0:0:
320,192,12467,128,0,12587:0:0:0:70:soft-hitwhistle.wav
448,192,12467,1,0,0:0:0:0:
192,192,12587,128,0,12707:0:0:0:0:
64,192,12707,1,0,0:0:0:0:
448,192,12827,128,0,12947:0:0:0:0:
192,192,12947,1,0,0:0:0:50:drum-hitclap.wav
64,192,12947,128,0,13067:0:0:0:0:
320,192,13067,128,0,13187:0:0:0:0:
192,192,13187,1,0,0:0:0:0:
192,192,13307,128,0,13427:0:0:0:0:
448,192,13427,1,0,0:0:0:70:soft-hitwhistle.wav
64,192,13427,1,0,0:0:0:0:
320,192,13547,1,0,0:0:0:0:
192,192,13667,1,0,0:0:0:0:
64,192,13787,1,0,0:0:0:0:
320,192,13907,1,0,0:0:0:50:drum-hitclap.wav
448,192,13907,1,0,0:0:0:0:
64,192,14147,1,0,0:0:0:0:
192,192,14147,1,0,0:0:0:0:
320,192,14387,1,0,0:0:0:70:soft-hitwhistle.wav
448,192,14387,1,0,0:0:0:0:
192,192,14627,1,0,0:0:0:0:
448,192,14867,1,0,0:0:0:50:drum-hitclap.wav
64,192,14867,1,0,0:0:0:0:
320,192,15107,1,0,0:0:0:0:
192,192,15347,1,0,0:0:0:70:soft-hitwhistle.wav
64,192,15347,1,0,0:0:0:0:
320,192,15587,1,0,0:0:0:0:
448,192,15827,1,0,0:0:0:50:drum-hitclap.wav
192,192,15827,1,0,0:0:0:0:
320,192,16067,1,0,0:0:0:0:
448,192,16307,1,0,0:0:0:70:soft-hitwhistle.wav
64,192,16307,1,0,0:0:0:0:
192,192,16547,1,0,0:0:0:0:
448,192,16787,1,0,0:0:0:50:drum-hitclap.wav
320,192,16787,1,0,0:0:0:0:
192,192,17027,1,0,0:0:0:0:
64,192,17267,1,0,0:0:0:70:soft-hitwhistle.wav
320,192,17267,1,0,0:0:0:0:
448,192,17507,1,0,0:0:0:0:
192,192,17747,1,0,0:0:0:50:drum-hitclap.wav
64,192,17747,1,0,0:0:0:0:
64,192,17987,1,0,0:0:0:0:
192,192,17987,1,0,0:0:0:0:
448,192,18227,1,0,0:0:0:70:soft-hitwhistle.wav
320,192,18227,1,0,0:0:0:0:
192,192,18467,1,0,0:0:0:0:
448,192,18707,1,0,0:0:0:50:drum-hitclap.wav
64,192,18707,1,0,0:0:0:0:
320,192,18947,1,0,0:0:0:0:
192,192,19187,1,0,0:0:0:70:soft-hitwhistle.wav
64,192,19187,1,0,0:0:0:0:
320,192,19427,1,0,0:0:0:0:
448,192,19667,1,0,0:0:0:50:drum-hitclap.wav
192,192,19667,1,0,0:0:0:0:
448,192,19907,1,0,0:0:0:0:
192,192,19907,1,0,0:0:0:0:
64,192,20147,1,0,0:0:0:70:soft-hitwhistle.wav
192,192,20147,128,0,20267:0:0:0:0:
320,192,20267,128,0,20387:0:0:0:0:
448,192,20387,1,0,0:0:0:0:
64,192,20507,128,0,20627:0:0:0:0:
320,192,20627,1,0,0:0:0:50:drum-hitclap.wav
448,192,20627,128,0,20747:0:0:0:0:
192,192,20747,128,0,20867:0:0:0:0:
320,192,20867,1,0,0:0:0:0:
320,192,20987,128,0,21107:0:0:0:0:
64,192,21107,1,0,0:0:0:70:soft-hitwhistle.wav
448,192,21107,1,0,0:0:0:0:
192,192,21227,1,0,0:0:0:0:
320,192,21347,1,0,0:0:0:0:
448,192,21467,1,0,0:0:0:0:
192,192,21587,1,0,0:0:0:50:drum-hitclap.wav
64,192,21587,1,0,0:0:0:0:
448,192,21827,1,0,0:0:0:0:
320,192,21827,1,0,0:0:0:0:
192,192,22067,1,0,0:0:0:70:soft-hitwhistle.wav
64,192,22067,1,0,0:0:0:0:
320,192,22307,1,0,0:0:0:0:
64,192,22547,1,0,0:0:0:50:drum-hitclap.wav
448,192,22547,1,0,0:0:0:0:
192,192,22787,1,0,0:0:0:0:
320,192,23027,1,0,0:0:0:70:soft-hitwhistle.wav
448,192,23027,1,0,0:0:0:0:
192,192,23267,1,0,0:0:0:0:
64,192,23507,1,0,0:0:0:50:drum-hitclap.wav
320,192,23507,1,0,0:0:0:0:
192,192,23747,1,0,0:0:0:0:
448,192,23987,1,0,0:0:0:70:soft-hitwhistle.wav
64,192,23987,1,0,0:0:0:0:
320,192,24107,1,0,0:0:0:0:
192,192,24227,1,0,0:0:0:0:
320,192,24347,1,0,0:0:0:0:
448,192,24467,1,0,0:0:0:50:drum-hitclap.wav
64,192,24467,1,0,0:0:0:0:
320,192,24587,1,0,0:0:0:0:
192,192,24707,1,0,0:0:0:0:
192,192,24827,1,0,0:0:0:0:
448,192,24947,1,0,0:0:0:70:soft-hitwhistle.wav
64,192,24947,1,0,0:0:0:0:
64,192,25067,1,0,0:0:0:0:
320,192,25187,1,0,0:0:0:0:
192,192,25307,1,0,0:0:0:0:
448,192,25427,1,0,0:0:0:50:drum-hitclap.wav
64,192,25427,1,0,0:0:0:0:
320,192,25547,1,0,0:0:0:0:
192,192,25667,1,0,0:0:0:0:
320,192,25787,1,0,0:0:0:0:
448,192,25907,1,0,0:0:0:70:soft-hitwhistle.wav
64,192,25907,1,0,0:0:0:0:
192,192,26027,1,0,0:0:0:0:
320,192,26147,1,0,0:0:0:0:
448,192,26267,1,0,0:0:0:0:
64,192,26387,1,0,0:0:0:50:drum-hitclap.wav
192,192,26387,1,0,0:0:0:0:
448,192,26507,1,0,0:0:0:0:
320,192,26627,1,0,0:0:0:0:
192,192,26747,1,0,0:0:0:0:
64,192,26867,1,0,0:0:0:70:soft-hitwhistle.wav
448,192,26867,1,0,0:0:0:0:
320,192,26987,1,0,0:0:0:0:
64,192,27107,1,0,0:0:0:0:
192,192,27227,1,0,0:0:0:0:
320,192,27347,1,0,0:0:0:50:drum-hitclap.wav
448,192,27347,1,0,0:0:0:0:
64,192,27467,1,0,0:0:0:0:
320,192,27587,1,0,0:0:0:0:
192,192,27827,1,0,0:0:0:70:soft-hitwhistle.wav
448,192,27827,1,0,0:0:0:0:
64,192,27947,1,0,0:0:0:0:
320,192,28067,1,0,0:0:0:0:
192,192,28187,1,0,0:0:0:0:
64,192,28307,1,0,0:0:0:50:drum-hitclap.wav
448,192,28307,1,0,0:0:0:0:
192,192,28427,1,0,0:0:0:0:
320,192,28547,1,0,0:0:0:0:
192,192,28667,1,0,0:0:0:0:
320,192,28787,1,0,0:0:0:70:soft-hitwhistle.wav
64,192,28787,1,0,0:0:0:0:
448,192,28907,1,0,0:0:0:0:
192,192,29027,1,0,0:0:0:0:
320,192,29147,1,0,0:0:0:0:
448,192,29267,1,0,0:0:0:50:drum-hitclap.wav
64,192,29267,1,0,0:0:0:0:
320,192,29387,1,0,0:0:0:0:
192,192,29507,1,0,0:0:0:0:
320,192,29627,1,0,0:0:0:0:
64,192,29747,1,0,0:0:0:70:soft-hitwhistle.wav
448,192,29747,1,0,0:0:0:0:
192,192,29867,1,0,0:0:0:0:
320,192,29987,1,0,0:0:0:0:
448,192,30107,1,0,0:0:0:0:
64,192,30227,1,0,0:0:0:50:drum-hitclap.wav
192,192,30227,1,0,0:0:0:0:
448,192,30347,1,0,0:0:0:0:
320,192,30467,1,0,0:0:0:0:
192,192,30587,1,0,0:0:0:0:
64,192,30707,1,0,0:0:0:70:soft-hitwhistle.wav
448,192,30707,1,0,0:0:0:0:
192,192,30827,1,0,0:0:0:0:
320,192,30947,1,0,0:0:0:0:
192,192,31067,1,0,0:0:0:0:
64,192,31187,1,0,0:0:0:50:drum-hitclap.wav
448,192,31187,1,0,0:0:0:0:
320,192,31307,1,0,0:0:0:0:
64,192,31427,1,0,0:0:0:0:
64,192,31667,1,0,0:0:0:70:soft-hitwhistle.wav
192,192,31667,1,0,0:0:0:0:
448,192,31787,1,0,0:0:0:0:
320,192,31907,1,0,0:0:0:0:
192,192,32027,1,0,0:0:0:0:
64,192,32147,1,0,0:0:0:50:drum-hitclap.wav
320,192,32147,1,0,0:0:0:0:
448,192,32267,1,0,0:0:0:0:
192,192,32387,1,0,0:0:0:0:
64,192,32507,1,0,0:0:0:0:
320,192,32627,1,0,0:0:0:70:soft-hitwhistle.wav
448,192,32627,1,0,0:0:0:0:
192,192,32747,1,0,0:0:0:0:
64,192,32867,1,0,0:0:0:0:
320,192,32987,1,0,0:0:0:0:
64,192,33107,1,0,0:0:0:50:drum-hitclap.wav
192,192,33107,1,0,0:0:0:0:
448,192,33227,1,0,0:0:0:0:
192,192,33347,1,0,0:0:0:0:
448,192,33587,1,0,0:0:0:70:soft-hitwhistle.wav
64,192,33587,1,0,0:0:0:0:
448,192,33707,1,0,0:0:0:0:
192,192,33827,1,0,0:0:0:0:
192,192,33947,1,0,0:0:0:0:
64,192,34067,1,0,0:0:0:50:drum-hitclap.wav
320,192,34067,1,0,0:0:0:0:
320,192,34187,1,0,0:0:0:0:
64,192,34307,1,0,0:0:0:0:
192,192,34427,1,0,0:0:0:0:
64,192,34547,1,0,0:0:0:70:soft-hitwhistle.wav
448,192,34547,1,0,0:0:0:0:
320,192,34667,1,0,0:0:0:0:
448,192,34787,1,0,0:0:0:0:
192,192,34907,1,0,0:0:0:0:
320,192,35027,1,0,0:0:0:50:drum-hitclap.wav
448,192,35027,1,0,0:0:0:0:
64,192,35147,1,0,0:0:0:0:
192,192,35267,1,0,0:0:0:0:
320,192,35387,1,0,0:0:0:0:
64,192,35507,128,0,35747:0:0:0:70:soft-hitwhistle.wav
192,192,35507,128,0,35747:0:0:0:0:
448,192,35747,1,0,0:0:0:0:
64,192,35987,128,0,36227:0:0:0:50:drum-hitclap.wav
192,192,35987,128,0,36227:0:0:0:0:
448,192,36227,1,0,0:0:0:0:
320,192,36347,1,0,0:0:0:0:
64,192,36467,1,0,0:0:0:70:soft-hitwhistle.wav
192,192,36587,1,0,0:0:0:0:
320,192,36707,1,0,0:0:0:0:
64,192,36827,1,0,0:0:0:0:
64,192,36947,1,0,0:0:0:50:drum-hitclap.wav
448,192,36947,1,0,0:0:0:0:
320,192,37067,1,0,0:0:0:0:
192,192,37187,1,0,0:0:0:0:
64,192,37307,1,0,0:0:0:0:
448,192,37427,128,0,37667:0:0:0:70:soft-hitwhistle.wav
320,192,37427,128,0,37667:0:0:0:0:
64,192,37667,1,0,0:0:0:0:
320,192,37907,128,0,38147:0:0:0:50:drum-hitclap.wav
448,192,37907,128,0,38147:0:0:0:0:
192,192,38147,1,0,0:0:0:0:
64,192,38267,1,0,0:0:0:0:
320,192,38387,1,0,0:0:0:70:soft-hitwhistle.wav
192,192,38387,1,0,0:0:0:0:
448,192,38507,1,0,0:0:0:0:
320,192,38627,128,0,38867:0:0:0:0:
192,192,38867,1,0,0:0:0:50:drum-hitclap.wav
64,192,38867,128,0,39107:0:0:0:0:
320,192,38987,1,0,0:0:0:0:
448,192,39107,128,0,39347:0:0:0:0:
192,192,39107,1,0,0:0:0:0:
320,192,39227,1,0,0:0:0:0:
64,192,39347,1,0,0:0:0:70:soft-hitwhistle.wav
192,192,39347,1,0,0:0:0:0:
448,192,39587,1,0,0:0:0:0:
320,192,39707,1,0,0:0:0:0:
64,192,39827,1,0,0:0:0:50:drum-hitclap.wav
448,192,39827,1,0,0:0:0:0:
192,192,39947,1,0,0:0:0:0:
320,192,40067,1,0,0:0:0:0:
192,192,40187,1,0,0:0:0:0:
448,192,40307,128,0,40427:0:0:0:70:soft-hitwhistle.wav
320,192,40307,128,0,40427:0:0:0:0:
64,192,40547,128,0,40667:0:0:0:0:
192,192,40547,128,0,40667:0:0:0:0:
64,192,40787,1,0,0:0:0:50:drum-hitclap.wav
192,192,40787,1,0,0:0:0:0:
448,192,40907,1,0,0:0:0:0:
320,192,41027,1,0,0:0:0:0:
192,192,41147,1,0,0:0:0:0:
64,192,41267,1,0,0:0:0:70:soft-hitwhistle.wav
448,192,41267,1,0,0:0:0:0:
192,192,41387,1,0,0:0:0:0:
320,192,41507,1,0,0:0:0:0:
448,192,41627,1,0,0:0:0:0:
64,192,41747,1,0,0:0:0:50:drum-hitclap.wav
192,192,41747,1,0,0:0:0:0:
448,192,41867,1,0,0:0:0:0:
64,192,41987,1,0,0:0:0:0:
320,192,42107,1,0,0:0:0:0:
64,192,42227,128,0,42347:0:0:0:70:soft-hitwhistle.wav
192,192,42227,128,0,42347:0:0:0:0:
320,192,42467,128,0,42587:0:0:0:0:
448,192,42467,128,0,42587:0:0:0:0:
320,192,42707,1,0,0:0:0:50:drum-hitclap.wav
448,192,42707,1,0,0:0:0:0:
192,192,42947,1,0,0:0:0:0:
64,192,43187,1,0,0:0:0:70:soft-hitwhistle.wav
320,192,43187,1,0,0:0:0:0:
192,192,43427,1,0,0:0:0:0:
320,192,43547,1,0,0:0:0:0:
448,192,43667,1,0,0:0:0:50:drum-hitclap.wav
64,192,43667,1,0,0:0:0:0:
64,192,43907,1,0,0:0:0:0:
448,192,43907,1,0,0:0:0:0:
192,192,44147,1,0,0:0:0:70:soft-hitwhistle.wav
320,192,44147,1,0,0:0:0:0:
448,192,44267,1,0,0:0:0:0:
64,192,44387,1,0,0:0:0:0:
192,192,44507,1,0,0:0:0:0:
64,192,44627,1,0,0:0:0:50:drum-hitclap.wav
448,192,44627,1,0,0:0:0:0:
448,192,44867,1,0,0:0:0:0:
64,192,44867,1,0,0:0:0:0:
192,192,45107,1,0,0:0:0:70:soft-hitwhistle.wav
320,192,45107,1,0,0:0:0:0:
64,192,45227,1,0,0:0:0:0:
448,192,45347,1,0,0:0:0:0:
320,192,45467,1,0,0:0:0:0:
64,192,45587,1,0,0:0:0:50:drum-hitclap.wav
192,192,45587,1,0,0:0:0:0:
320,192,45707,1,0,0:0:0:0:
448,192,45827,1,0,0:0:0:0:
192,192,45947,1,0,0:0:0:0:
320,192,46067,1,0,0:0:0:70:soft-hitwhistle.wav
448,192,46067,1,0,0:0:0:0:
64,192,46187,1,0,0:0:0:0:
192,192,46307,1,0,0:0:0:0:
320,192,46427,1,0,0:0:0:0:
448,192,46547,1,0,0:0:0:50:drum-hitclap.wav
64,192,46547,1,0,0:0:0:0:
192,192,46667,1,0,0:0:0:0:
320,192,46787,1,0,0:0:0:0:
448,192,46787,1,0,0:0:0:0:
64,192,46907,1,0,0:0:0:0:
192,192,47027,1,0,0:0:0:70:soft-hitwhistle.wav
448,192,47027,1,0,0:0:0:0:
320,192,47267,1,0,0:0:0:0:
64,192,47387,1,0,0:0:0:0:
192,192,47507,1,0,0:0:0:50:drum-hitclap.wav
448,192,47507,1,0,0:0:0:0:
64,192,47627,1,0,0:0:0:0:
320,192,47747,1,0,0:0:0:0:
192,192,47867,1,0,0:0:0:0:
448,192,47987,128,0,48107:0:0:0:70:soft-hitwhistle.wav
320,192,47987,128,0,48107:0:0:0:0:
64,192,48227,128,0,48347:0:0:0:0:
192,192,48227,128,0,48347:0:0:0:0:
64,192,48467,1,0,0:0:0:50:drum-hitclap.wav
192,192,48467,1,0,0:0:0:0:
448,192,48587,1,0,0:0:0:0:
320,192,48707,1,0,0:0:0:0:
192,192,48827,1,0,0:0:0:0:
64,192,48947,1,0,0:0:0:70:soft-hitwhistle.wav
448,192,48947,1,0,0:0:0:0:
320,192,49067,1,0,0:0:0:0:
192,192,49187,1,0,0:0:0:0:
64,192,49307,1,0,0:0:0:0:
320,192,49427,1,0,0:0:0:50:drum-hitclap.wav
448,192,49427,1,0,0:0:0:0:
64,192,49547,1,0,0:0:0:0:
192,192,49667,1,0,0:0:0:0:
320,192,49787,1,0,0:0:0:0:
64,192,49907,128,0,50027:0:0:0:70:soft-hitwhistle.wav
192,192,49907,128,0,50027:0:0:0:0:
320,192,50147,128,0,50267:0:0:0:0:
448,192,50147,128,0,50267:0:0:0:0:
320,192,50387,1,0,0:0:0:50:drum-hitclap.wav
448,192,50387,1,0,0:0:0:0:
192,192,50627,1,0,0:0:0:0:
64,192,50867,1,0,0:0:0:70:soft-hitwhistle.wav
448,192,50867,1,0,0:0:0:0:
320,192,51107,1,0,0:0:0:0:
192,192,51227,1,0,0:0:0:0:
64,192,51347,1,0,0:0:0:50:drum-hitclap.wav
448,192,51347,1,0,0:0:0:0:
448,192,51587,1,0,0:0:0:0:
64,192,51587,1,0,0:0:0:0:
64,192,51827,1,0,0:0:0:70:soft-hitwhistle.wav
192,192,51827,1,0,0:0:0:0:
320,192,51947,1,0,0:0:0:0:
448,192,52067,1,0,0:0:0:0:
192,192,52187,1,0,0:0:0:0:
64,192,52307,1,0,0:0:0:50:drum-hitclap.wav
448,192,52307,1,0,0:0:0:0:
64,192,52547,1,0,0:0:0:0:
448,192,52547,1,0,0:0:0:0:
192,192,52787,1,0,0:0:0:70:soft-hitwhistle.wav
448,192,52787,1,0,0:0:0:0:
64,192,52907,1,0,0:0:0:0:
320,192,53027,1,0,0:0:0:0:
192,192,53147,1,0,0:0:0:0:
64,192,53267,1,0,0:0:0:50:drum-hitclap.wav
448,192,53267,1,0,0:0:0:0:
320,192,53387,1,0,0:0:0:0:
192,192,53507,1,0,0:0:0:0:
64,192,53627,1,0,0:0:0:0:
320,192,53747,1,0,0:0:0:70:soft-hitwhistle.wav
448,192,53747,1,0,0:0:0:0:
192,192,53867,1,0,0:0:0:0:
64,192,53987,1,0,0:0:0:0:
192,192,54107,1,0,0:0:0:0:
448,192,54227,1,0,0:0:0:50:drum-hitclap.wav
64,192,54227,1,0,0:0:0:0:
320,192,54347,1,0,0:0:0:0:
192,192,54467,1,0,0:0:0:0:
320,192,54587,1,0,0:0:0:0:
448,192,54707,1,0,0:0:0:70:soft-hitwhistle.wav
64,192,54707,128,0,55427:0:0:0:0:
192,192,55187,1,0,0:0:0:50:drum-hitclap.wav
448,192,55187,1,0,0:0:0:0:
320,192,55427,128,0,55907:0:0:0:0:
64,192,55667,1,0,0:0:0:70:soft-hitwhistle.wav
448,192,55667,1,0,0:0:0:0:
192,192,55907,128,0,56147:0:0:0:0:
320,192,56147,1,0,0:0:0:50:drum-hitclap.wav
448,192,56147,1,0,0:0:0:0:
64,192,56387,128,0,56867:0:0:0:0:
192,192,56627,1,0,0:0:0:0:
320,192,56627,1,2,0:0:0:0:
448,192,56867,128,0,57107:0:0:0:0:
320,192,57107,128,0,58067:0:0:0:50:drum-hitclap.wav
192,192,57107,1,0,0:0:0:0:
64,192,57107,1,0,0:0:0:0:
64,192,57587,1,0,0:0:0:70:soft-hitwhistle.wav
192,192,57587,1,0,0:0:0:0:
448,192,58067,1,0,0:0:0:50:drum-hitclap.wav
64,192,58067,1,0,0:0:0:0:
192,192,58307,1,0,0:0:0:0:
320,192,58427,1,0,0:0:0:0:
448,192,58547,128,0,58787:0:0:0:70:soft-hitwhistle.wav
64,192,58547,1,0,0:0:0:0:
192,192,58787,128,0,59267:0:0:0:0:
320,192,59027,1,0,0:0:0:50:drum-hitclap.wav
448,192,59027,1,0,0:0:0:0:
320,192,59267,128,0,59747:0:0:0:0:
64,192,59507,1,0,0:0:0:70:soft-hitwhistle.wav
192,192,59507,1,0,0:0:0:0:
64,192,59747,128,0,60227:0:0:0:0:
448,192,59987,1,0,0:0:0:50:drum-hitclap.wav
320,192,59987,1,0,0:0:0:0:
192,192,60227,128,0,60707:0:0:0:0:
320,192,60467,1,0,0:0:0:70:soft-hitwhistle.wav
448,192,60467,1,0,0:0:0:0:
320,192,60707,128,0,60947:0:0:0:0:
64,192,60947,1,0,0:0:0:50:drum-hitclap.wav
192,192,60947,1,0,0:0:0:0:
448,192,61067,128,0,61427:0:0:0:0:
320,192,61427,128,0,61667:0:0:0:70:soft-hitwhistle.wav
64,192,61427,1,0,0:0:0:0:
192,192,61667,128,0,62147:0:0:0:0:
448,192,61907,1,0,0:0:0:50:drum-hitclap.wav
320,192,61907,1,0,0:0:0:0:
64,192,62147,1,0,0:0:0:0:
192,192,62267,1,0,0:0:0:0:
320,192,62387,1,0,0:0:0:70:soft-hitwhistle.wav
448,192,62387,128,0,63587:0:0:0:0:
64,192,62867,1,0,0:0:0:50:drum-hitclap.wav
320,192,62867,1,0,0:0:0:0:
64,192,63347,1,0,0:0:0:0:
192,192,63347,1,2,0:0:0:0:
320,192,63587,128,0,63827:0:0:0:0:
192,192,63827,128,0,64067:0:0:0:50:drum-hitclap.wav
448,192,63827,1,0,0:0:0:0:
64,192,64067,128,0,64787:0:0:0:0:
320,192,64307,1,0,0:0:0:70:soft-hitwhistle.wav
448,192,64307,1,0,0:0:0:0:
192,192,64787,1,0,0:0:0:50:drum-hitclap.wav
448,192,64787,1,0,0:0:0:0:
448,192,65027,128,0,65507:0:0:0:0:
320,192,65267,1,0,0:0:0:70:soft-hitwhistle.wav
64,192,65267,1,0,0:0:0:0:
64,192,65507,128,0,65987:0:0:0:0:
192,192,65747,1,0,0:0:0:50:drum-hitclap.wav
448,192,65747,1,0,0:0:0:0:
64,192,66227,1,0,0:0:0:70:soft-hitwhistle.wav
448,192,66227,1,0,0:0:0:0:
192,192,66347,1,0,0:0:0:0:
320,192,66467,128,0,67187:0:0:0:0:
64,192,66707,1,0,0:0:0:50:drum-hitclap.wav
448,192,66707,1,0,0:0:0:0:
64,192,67187,1,0,0:0:0:70:soft-hitwhistle.wav
192,192,67187,1,0,0:0:0:0:
448,192,67427,1,0,0:0:0:0:
320,192,67667,1,0,0:0:0:50:drum-hitclap.wav
64,192,67667,1,0,0:0:0:0:
192,192,67907,1,0,0:0:0:0:
448,192,68147,1,0,0:0:0:70:soft-hitwhistle.wav
64,192,68147,128,0,68387:0:0:0:0:
192,192,68387,128,0,68627:0:0:0:0:
320,192,68627,128,0,68867:0:0:0:50:drum-hitclap.wav
448,192,68627,1,0,0:0:0:0:
448,192,68867,128,0,69107:0:0:0:0:
320,192,69107,128,0,69347:0:0:0:70:soft-hitwhistle.wav
64,192,69107,1,0,0:0:0:0:
192,192,69347,128,0,69587:0:0:0:0:
64,192,69587,128,0,69827:0:0:0:50:drum-hitclap.wav
448,192,69587,1,0,0:0:0:0:
320,192,69827,128,0,70067:0:0:0:0:
64,192,70067,128,0,70187:0:0:0:70:soft-hitwhistle.wav
448,192,70067,1,0,0:0:0:0:
192,192,70187,128,0,70307:0:0:0:0:
448,192,70307,128,0,70427:0:0:0:0:
320,192,70427,128,0,70547:0:0:0:0:
64,192,70547,128,0,70667:0:0:0:50:drum-hitclap.wav
448,192,70547,1,0,0:0:0:0:
192,192,70667,128,0,70787:0:0:0:0:
320,192,70787,128,0,70907:0:0:0:0:
448,192,70907,128,0,71027:0:0:0:0:
64,192,71027,1,0,0:0:0:70:soft-hitwhistle.wav
320,192,71147,1,0,0:0:0:0:
64,192,71267,1,0,0:0:0:0:
448,192,71387,1,0,0:0:0:0:
64,192,71507,1,0,0:0:0:50:drum-hitclap.wav
192,192,71507,1,0,0:0:0:0:
320,192,71747,1,0,0:0:0:0:
448,192,71987,128,0,72107:0:0:0:70:soft-hitwhistle.wav
64,192,71987,1,0,0:0:0:0:
320,192,72107,128,0,72227:0:0:0:0:
64,192,72227,128,0,72347:0:0:0:0:
192,192,72347,128,0,72467:0:0:0:0:
448,192,72467,128,0,72587:0:0:0:50:drum-hitclap.wav
64,192,72467,1,0,0:0:0:0:
320,192,72587,128,0,72707:0:0:0:0:
192,192,72707,128,0,72827:0:0:0:0:
64,192,72827,128,0,72947:0:0:0:0:
448,192,72947,1,0,0:0:0:70:soft-hitwhistle.wav
192,192,73067,1,0,0:0:0:0:
448,192,73187,1,0,0:0:0:0:
64,192,73307,1,0,0:0:0:0:
320,192,73427,1,0,0:0:0:50:drum-hitclap.wav
448,192,73427,1,0,0:0:0:0:
192,192,73667,1,0,0:0:0:0:
448,192,73907,128,0,74027:0:0:0:70:soft-hitwhistle.wav
64,192,73907,1,0,0:0:0:0:
192,192,74027,128,0,74147:0:0:0:0:
320,192,74147,128,0,74267:0:0:0:0:
64,192,74267,128,0,74387:0:0:0:0:
448,192,74387,128,0,74507:0:0:0:50:drum-hitclap.wav
192,192,74387,1,0,0:0:0:0:
320,192,74507,128,0,74627:0:0:0:0:
192,192,74627,128,0,74747:0:0:0:0:
320,192,74747,128,0,74867:0:0:0:0:
64,192,74867,128,0,74987:0:0:0:70:soft-hitwhistle.wav
192,192,74987,128,0,75107:0:0:0:0:
320,192,75107,128,0,75227:0:0:0:0:
448,192,75227,128,0,75347:0:0:0:0:
192,192,75347,128,0,75467:0:0:0:50:drum-hitclap.wav
320,192,75347,1,0,0:0:0:0:
64,192,75467,128,0,75587:0:0:0:0:
320,192,75587,128,0,75707:0:0:0:0:
192,192,75707,128,0,75827:0:0:0:0:
448,192,75827,128,0,75947:0:0:0:70:soft-hitwhistle.wav
320,192,75947,128,0,76067:0:0:0:0:
64,192,76067,128,0,76187:0:0:0:0:
192,192,76187,128,0,76307:0:0:0:0:
448,192,76307,128,0,76427:0:0:0:50:drum-hitclap.wav
64,192,76307,1,0,0:0:0:0:
320,192,76427,128,0,76547:0:0:0:0:
192,192,76547,128,0,76667:0:0:0:0:
64,192,76667,128,0,76787:0:0:0:0:
448,192,76787,1,0,0:0:0:70:soft-hitwhistle.wav
192,192,76907,1,0,0:0:0:0:
448,192,77027,1,0,0:0:0:0:
64,192,77147,1,0,0:0:0:0:
320,192,77267,1,0,0:0:0:50:drum-hitclap.wav
448,192,77267,1,0,0:0:0:0:
192,192,77507,1,0,0:0:0:0:
64,192,77747,128,0,77867:0:0:0:70:soft-hitwhistle.wav
448,192,77747,1,0,0:0:0:0:
192,192,77867,128,0,77987:0:0:0:0:
448,192,77987,128,0,78107:0:0:0:0:
320,192,78107,128,0,78227:0:0:0:0:
192,192,78227,128,0,78347:0:0:0:50:drum-hitclap.wav
64,192,78227,1,0,0:0:0:0:
448,192,78347,128,0,78467:0:0:0:0:
320,192,78467,128,0,78587:0:0:0:0:
64,192,78587,128,0,78707:0:0:0:0:
192,192,78707,1,0,0:0:0:70:soft-hitwhistle.wav
320,192,78827,1,0,0:0:0:0:
448,192,78947,1,0,0:0:0:0:
192,192,79067,128,0,79187:0:0:0:0:
448,192,79187,128,0,79307:0:0:0:50:drum-hitclap.wav
64,192,79187,1,0,0:0:0:0:
320,192,79307,128,0,79427:0:0:0:0:
64,192,79427,128,0,79547:0:0:0:0:
192,192,79547,128,0,79667:0:0:0:0:
448,192,79667,128,0,79787:0:0:0:70:soft-hitwhistle.wav
320,192,79787,128,0,79907:0:0:0:0:
192,192,79907,128,0,80027:0:0:0:0:
320,192,80027,128,0,80147:0:0:0:0:
64,192,80147,128,0,80267:0:0:0:50:drum-hitclap.wav
448,192,80147,1,0,0:0:0:0:
192,192,80267,128,0,80387:0:0:0:0:
320,192,80387,128,0,80507:0:0:0:0:
448,192,80507,128,0,80627:0:0:0:0:
192,192,80627,128,0,80747:0:0:0:70:soft-hitwhistle.wav
64,192,80747,128,0,80867:0:0:0:0:
320,192,80867,128,0,80987:0:0:0:0:
192,192,80987,128,0,81107:0:0:0:0:
448,192,81107,128,0,81227:0:0:0:50:drum-hitclap.wav
64,192,81107,1,0,0:0:0:0:
320,192,81227,128,0,81347:0:0:0:0:
192,192,81347,128,0,81467:0:0:0:0:
64,192,81467,128,0,81587:0:0:0:0:
320,192,81587,128,0,81707:0:0:0:70:soft-hitwhistle.wav
448,192,81707,128,0,81827:0:0:0:0:
192,192,81827,128,0,81947:0:0:0:0:
320,192,81947,128,0,82067:0:0:0:0:
64,192,82067,128,0,82187:0:0:0:50:drum-hitclap.wav
448,192,82067,1,0,0:0:0:0:
192,192,82187,128,0,82307:0:0:0:0:
448,192,82307,128,0,82427:0:0:0:0:
320,192,82427,128,0,82547:0:0:0:0:
64,192,82547,1,0,0:0:0:70:soft-hitwhistle.wav
192,192,82667,1,0,0:0:0:0:
448,192,82787,1,0,0:0:0:0:
320,192,82907,1,0,0:0:0:0:
64,192,83027,128,0,83147:0:0:0:50:drum-hitclap.wav
448,192,83027,1,0,0:0:0:0:
192,192,83147,128,0,83267:0:0:0:0:
320,192,83267,128,0,83387:0:0:0:0:
448,192,83387,128,0,83507:0:0:0:0:
192,192,83507,128,0,83627:0:0:0:70:soft-hitwhistle.wav
64,192,83627,128,0,83747:0:0:0:0:
320,192,83747,128,0,83867:0:0:0:0:
448,192,83867,128,0,83987:0:0:0:0:
64,192,83987,1,0,0:0:0:50:drum-hitclap.wav
192,192,83987,1,0,0:0:0:0:
320,192,84227,1,0,0:0:0:0:
448,192,84347,1,0,0:0:0:0:
192,192,84467,1,0,0:0:0:70:soft-hitwhistle.wav
320,192,84587,1,0,0:0:0:0:
448,192,84707,1,0,0:0:0:0:
320,192,84827,1,0,0:0:0:0:
64,192,84947,1,0,0:0:0:50:drum-hitclap.wav
192,192,84947,1,0,0:0:0:0:
320,192,85067,1,0,0:0:0:0:
448,192,85187,128,0,85307:0:0:0:0:
320,192,85307,128,0,85427:0:0:0:0:
64,192,85427,128,0,85547:0:0:0:70:soft-hitwhistle.wav
192,192,85547,128,0,85667:0:0:0:0:
320,192,85667,128,0,85787:0:0:0:0:
448,192,85787,128,0,85907:0:0:0:0:
192,192,85907,128,0,86027:0:0:0:50:drum-hitclap.wav
320,192,85907,1,0,0:0:0:0:
64,192,86027,128,0,86147:0:0:0:0:
320,192,86147,128,0,86267:0:0:0:0:
448,192,86267,128,0,86387:0:0:0:0:
192,192,86387,128,0,86507:0:0:0:70:soft-hitwhistle.wav
320,192,86507,128,0,86627:0:0:0:0:
64,192,86627,128,0,86747:0:0:0:0:
192,192,86747,128,0,86867:0:0:0:0:
448,192,86867,128,0,86987:0:0:0:50:drum-hitclap.wav
64,192,86867,1,0,0:0:0:0:
320,192,86987,1,0,0:0:0:0:
192,192,87107,128,0,87227:0:0:0:0:
320,192,87227,128,0,87347:0:0:0:0:
64,192,87347,128,0,87467:0:0:0:70:soft-hitwhistle.wav
192,192,87467,128,0,87587:0:0:0:0:
448,192,87587,128,0,87707:0:0:0:0:
320,192,87707,128,0,87827:0:0:0:0:
192,192,87827,128,0,87947:0:0:0:50:drum-hitclap.wav
448,192,87827,1,0,0:0:0:0:
64,192,87947,128,0,88067:0:0:0:0:
320,192,88067,128,0,88187:0:0:0:0:
448,192,88187,128,0,88307:0:0:0:0:
64,192,88307,1,0,0:0:0:70:soft-hitwhistle.wav
320,192,88427,1,0,0:0:0:0:
64,192,88547,1,0,0:0:0:0:
320,192,88667,1,0,0:0:0:0:
192,192,88787,1,0,0:0:0:50:drum-hitclap.wav
448,192,88787,1,0,0:0:0:0:
320,192,89027,1,0,0:0:0:0:
64,192,89147,1,0,0:0:0:0:
448,192,89267,1,0,0:0:0:70:soft-hitwhistle.wav
192,192,89387,1,0,0:0:0:0:
320,192,89507,1,0,0:0:0:0:
64,192,89627,1,0,0:0:0:0:
448,192,89747,128,0,89867:0:0:0:50:drum-hitclap.wav
320,192,89747,128,0,89867:0:0:0:0:
192,192,89987,1,0,0:0:0:0:
448,192,90107,1,0,0:0:0:0:
64,192,90227,1,0,0:0:0:70:soft-hitwhistle.wav
320,192,90347,1,0,0:0:0:0:
192,192,90467,1,0,0:0:0:0:
448,192,90587,1,0,0:0:0:0:
192,192,90707,128,0,90827:0:0:0:50:drum-hitclap.wav
64,192,90707,128,0,90827:0:0:0:0:
320,192,90947,1,0,0:0:0:0:
64,192,91067,1,0,0:0:0:0:
448,192,91187,1,0,0:0:0:70:soft-hitwhistle.wav
320,192,91307,1,0,0:0:0:0:
192,192,91427,1,0,0:0:0:0:
320,192,91547,1,0,0:0:0:0:
448,192,91667,128,0,91787:0:0:0:50:drum-hitclap.wav
64,192,91667,128,0,91787:0:0:0:0:
320,192,91907,1,0,0:0:0:0:
192,192,92027,1,0,0:0:0:0:
64,192,92147,1,0,0:0:0:70:soft-hitwhistle.wav
192,192,92267,1,0,0:0:0:0:
320,192,92387,1,0,0:0:0:0:
192,192,92507,1,0,0:0:0:0:
64,192,92627,128,0,92867:0:0:0:50:drum-hitclap.wav
448,192,92627,128,0,92867:0:0:0:0:
192,192,92867,1,0,0:0:0:0:
320,192,92987,1,0,0:0:0:0:
64,192,93107,1,0,0:0:0:70:soft-hitwhistle.wav
448,192,93227,1,0,0:0:0:0:
320,192,93347,1,0,0:0:0:0:
192,192,93467,1,0,0:0:0:0:
64,192,93587,1,0,0:0:0:50:drum-hitclap.wav
448,192,93587,1,0,0:0:0:0:
448,192,93707,1,0,0:0:0:0:
320,192,93827,1,0,0:0:0:0:
192,192,93947,1,0,0:0:0:0:
448,192,94067,1,0,0:0:0:70:soft-hitwhistle.wav
64,192,94187,1,0,0:0:0:0:
192,192,94307,1,0,0:0:0:0:
320,192,94427,1,0,0:0:0:0:
448,192,94547,1,0,0:0:0:50:drum-hitclap.wav
64,192,94547,1,0,0:0:0:0:
64,192,94667,1,0,0:0:0:0:
192,192,94787,1,0,0:0:0:0:
320,192,94907,1,0,0:0:0:0:
64,192,95027,1,0,0:0:0:70:soft-hitwhistle.wav
448,192,95147,1,0,0:0:0:0:
320,192,95207,1,0,0:0:0:0:
192,192,95267,1,0,0:0:0:0:
320,192,95387,1,0,0:0:0:0:
448,192,95507,1,0,0:0:0:50:drum-hitclap.wav
192,192,95507,1,0,0:0:0:0:
64,192,95627,1,0,0:0:0:0:
320,192,95747,1,0,0:0:0:0:
192,192,95867,1,0,0:0:0:0:
64,192,95987,1,0,0:0:0:70:soft-hitwhistle.wav
320,192,96107,1,0,0:0:0:0:
448,192,96227,1,0,0:0:0:0:
192,192,96347,1,0,0:0:0:0:
448,192,96467,1,0,0:0:0:50:drum-hitclap.wav
64,192,96467,1,0,0:0:0:0:
320,192,96587,1,0,0:0:0:0:
64,192,96707,1,0,0:0:0:0:
320,192,96827,1,0,0:0:0:0:
192,192,96947,1,0,0:0:0:70:soft-hitwhistle.wav
448,192,97067,1,0,0:0:0:0:
320,192,97187,1,0,0:0:0:0:
192,192,97307,1,0,0:0:0:0:
64,192,97427,1,0,0:0:0:50:drum-hitclap.wav
448,192,97427,1,0,0:0:0:0:
192,192,97547,1,0,0:0:0:0:
320,192,97667,1,0,0:0:0:0:
192,192,97787,1,0,0:0:0:0:
320,192,97907,1,0,0:0:0:70:soft-hitwhistle.wav
64,192,98027,1,0,0:0:0:0:
192,192,98147,1,0,0:0:0:0:
320,192,98267,1,0,0:0:0:0:
448,192,98387,1,0,0:0:0:50:drum-hitclap.wav
64,192,98387,1,0,0:0:0:0:
320,192,98507,1,0,0:0:0:0:
192,192,98627,1,0,0:0:0:0:
320,192,98747,1,0,0:0:0:0:
448,192,98867,1,0,0:0:0:70:soft-hitwhistle.wav
192,192,98987,1,0,0:0:0:0:
320,192,99107,1,0,0:0:0:0:
64,192,99227,1,0,0:0:0:0:
192,192,99347,1,0,0:0:0:50:drum-hitclap.wav
448,192,99347,1,0,0:0:0:0:
320,192,99467,1,0,0:0:0:0:
192,192,99587,1,0,0:0:0:0:
64,192,99707,1,0,0:0:0:0:
320,192,99827,1,0,0:0:0:70:soft-hitwhistle.wav
448,192,99947,1,0,0:0:0:0:
192,192,100067,1,0,0:0:0:0:
320,192,100187,1,0,0:0:0:0:
64,192,100307,1,0,0:0:0:50:drum-hitclap.wav
448,192,100307,128,0,100787:0:0:0:0:
320,192,100427,128,0,100787:0:0:0:0:
192,192,100547,128,0,100787:0:0:0:0:
64,192,100667,128,0,100787:0:0:0:0:
64,192,101747,128,0,102707:0:0:0:0:
192,192,102707,1,0,0:0:0:70:soft-hitwhistle.wav
320,192,102707,1,0,0:0:0:0:
448,192,102707,1,0,0:0:0:0:
448,192,102947,1,0,0:0:0:0:
192,192,103067,1,0,0:0:0:0:
64,192,103187,1,0,0:0:0:50:drum-hitclap.wav
448,192,103187,1,0,0:0:0:0:
320,192,103307,1,0,0:0:0:0:
192,192,103427,1,0,0:0:0:0:
64,192,103547,1,0,0:0:0:0:
448,192,103667,128,0,103787:0:0:0:70:soft-hitwhistle.wav
320,192,103667,128,0,103787:0:0:0:0:
64,192,103907,128,0,104027:0:0:0:0:
192,192,103907,128,0,104027:0:0:0:0:
64,192,104147,1,0,0:0:0:50:drum-hitclap.wav
192,192,104147,1,0,0:0:0:0:
448,192,104267,1,0,0:0:0:0:
320,192,104387,1,0,0:0:0:0:
192,192,104507,1,0,0:0:0:0:
64,192,104627,1,0,0:0:0:70:soft-hitwhistle.wav
448,192,104627,1,0,0:0:0:0:
192,192,104747,1,0,0:0:0:0:
320,192,104867,1,0,0:0:0:0:
448,192,104987,1,0,0:0:0:0:
64,192,105107,1,0,0:0:0:50:drum-hitclap.wav
192,192,105107,1,0,0:0:0:0:
448,192,105227,1,0,0:0:0:0:
64,192,105347,1,0,0:0:0:0:
320,192,105467,1,0,0:0:0:0:
64,192,105587,128,0,105707:0:0:0:70:soft-hitwhistle.wav
192,192,105587,128,0,105707:0:0:0:0:
320,192,105827,128,0,105947:0:0:0:0:
448,192,105827,128,0,105947:0:0:0:0:
320,192,106067,1,0,0:0:0:50:drum-hitclap.wav
448,192,106067,1,0,0:0:0:0:
192,192,106307,1,0,0:0:0:0:
64,192,106547,1,0,0:0:0:70:soft-hitwhistle.wav
320,192,106547,1,0,0:0:0:0:
448,192,106787,1,0,0:0:0:0:
320,192,106907,1,0,0:0:0:0:
192,192,107027,1,0,0:0:0:50:drum-hitclap.wav
64,192,107027,1,0,0:0:0:0:
64,192,107267,1,0,0:0:0:0:
192,192,107267,1,0,0:0:0:0:
192,192,107507,1,0,0:0:0:70:soft-hitwhistle.wav
320,192,107507,1,0,0:0:0:0:
448,192,107627,1,0,0:0:0:0:
64,192,107747,1,0,0:0:0:0:
192,192,107867,1,0,0:0:0:0:
320,192,107987,1,0,0:0:0:50:drum-hitclap.wav
448,192,107987,1,0,0:0:0:0:
448,192,108227,1,0,0:0:0:0:
320,192,108227,1,0,0:0:0:0:
192,192,108467,1,0,0:0:0:70:soft-hitwhistle.wav
320,192,108467,1,0,0:0:0:0:
64,192,108587,1,0,0:0:0:0:
448,192,108707,1,0,0:0:0:0:
320,192,108827,1,0,0:0:0:0:
64,192,108947,1,0,0:0:0:50:drum-hitclap.wav
448,192,108947,1,0,0:0:0:0:
192,192,109067,1,0,0:0:0:0:
320,192,109187,1,0,0:0:0:0:
64,192,109307,1,0,0:0:0:0:
192,192,109427,1,0,0:0:0:70:soft-hitwhistle.wav
448,192,109427,1,0,0:0:0:0:
320,192,109547,1,0,0:0:0:0:
192,192,109667,1,0,0:0:0:0:
320,192,109787,1,0,0:0:0:0:
448,192,109907,1,0,0:0:0:50:drum-hitclap.wav
64,192,109907,1,0,0:0:0:0:
192,192,110027,1,0,0:0:0:0:
320,192,110147,1,0,0:0:0:0:
448,192,110147,1,0,0:0:0:0:
64,192,110267,1,0,0:0:0:0:
192,192,110387,1,0,0:0:0:70:soft-hitwhistle.wav
448,192,110387,1,0,0:0:0:0:
320,192,110627,1,0,0:0:0:0:
64,192,110747,1,0,0:0:0:0:
192,192,110867,1,0,0:0:0:50:drum-hitclap.wav
448,192,110867,1,0,0:0:0:0:
64,192,110987,1,0,0:0:0:0:
320,192,111107,1,0,0:0:0:0:
192,192,111227,1,0,0:0:0:0:
448,192,111347,128,0,111467:0:0:0:70:soft-hitwhistle.wav
320,192,111347,128,0,111467:0:0:0:0:
64,192,111587,128,0,111707:0:0:0:0:
192,192,111587,128,0,111707:0:0:0:0:
64,192,111827,1,0,0:0:0:50:drum-hitclap.wav
192,192,111827,1,0,0:0:0:0:
448,192,111947,1,0,0:0:0:0:
320,192,112067,1,0,0:0:0:0:
192,192,112187,1,0,0:0:0:0:
64,192,112307,1,0,0:0:0:70:soft-hitwhistle.wav
448,192,112307,1,0,0:0:0:0:
320,192,112427,1,0,0:0:0:0:
192,192,112547,1,0,0:0:0:0:
64,192,112667,1,0,0:0:0:0:
192,192,112787,1,0,0:0:0:50:drum-hitclap.wav
448,192,112787,1,0,0:0:0:0:
64,192,112907,1,0,0:0:0:0:
192,192,113027,1,0,0:0:0:0:
320,192,113147,1,0,0:0:0:0:
64,192,113267,128,0,113387:0:0:0:70:soft-hitwhistle.wav
192,192,113267,128,0,113387:0:0:0:0:
320,192,113507,128,0,113627:0:0:0:0:
448,192,113507,128,0,113627:0:0:0:0:
320,192,113747,1,0,0:0:0:50:drum-hitclap.wav
448,192,113747,1,0,0:0:0:0:
192,192,113987,1,0,0:0:0:0:
64,192,114227,1,0,0:0:0:70:soft-hitwhistle.wav
448,192,114227,1,0,0:0:0:0:
192,192,114467,1,0,0:0:0:0:
320,192,114587,1,0,0:0:0:0:
64,192,114707,1,0,0:0:0:50:drum-hitclap.wav
448,192,114707,1,0,0:0:0:0:
64,192,114947,1,0,0:0:0:0:
448,192,114947,1,0,0:0:0:0:
64,192,115187,1,0,0:0:0:70:soft-hitwhistle.wav
192,192,115187,1,0,0:0:0:0:
320,192,115307,1,0,0:0:0:0:
448,192,115427,1,0,0:0:0:0:
192,192,115547,1,0,0:0:0:0:
64,192,115667,1,0,0:0:0:50:drum-hitclap.wav
448,192,115667,1,0,0:0:0:0:
64,192,115907,1,0,0:0:0:0:
448,192,115907,1,0,0:0:0:0:
192,192,116147,1,0,0:0:0:70:soft-hitwhistle.wav
448,192,116147,1,0,0:0:0:0:
64,192,116267,1,0,0:0:0:0:
320,192,116387,1,0,0:0:0:0:
192,192,116507,1,0,0:0:0:0:
64,192,116627,1,0,0:0:0:50:drum-hitclap.wav
448,192,116627,1,0,0:0:0:0:
320,192,116747,1,0,0:0:0:0:
192,192,116867,1,0,0:0:0:0:
64,192,116987,1,0,0:0:0:0:
320,192,117107,1,0,0:0:0:70:soft-hitwhistle.wav
448,192,117107,1,0,0:0:0:0:
192,192,117227,1,0,0:0:0:0:
64,192,117347,1,0,0:0:0:0:
192,192,117467,1,0,0:0:0:0:
448,192,117587,1,0,0:0:0:50:drum-hitclap.wav
64,192,117587,1,0,0:0:0:0:
64,192,117827,1,0,0:0:0:0:
448,192,117827,1,0,0:0:0:0:
64,192,118067,128,0,118547:0:0:0:70:soft-hitwhistle.wav
320,192,118067,1,0,0:0:0:0:
192,192,118547,128,0,119027:0:0:0:50:drum-hitclap.wav
448,192,118547,1,0,0:0:0:0:
320,192,119027,128,0,119507:0:0:0:70:soft-hitwhistle.wav
64,192,119027,1,0,0:0:0:0:
448,192,119507,128,0,119987:0:0:0:50:drum-hitclap.wav
192,192,119507,1,0,0:0:0:0:
192,192,119987,128,0,120947:0:0:0:70:soft-hitwhistle.wav
64,192,119987,1,0,0:0:0:0:
448,192,120467,1,0,0:0:0:50:drum-hitclap.wav
320,192,120467,1,0,0:0:0:0:
448,192,120947,128,0,121907:0:0:0:70:soft-hitwhistle.wav
64,192,120947,1,0,0:0:0:0:
192,192,121427,1,0,0:0:0:50:drum-hitclap.wav
320,192,121427,1,0,0:0:0:0:
320,192,121907,128,0,123827:0:0:0:70:soft-hitwhistle.wav
64,192,121907,1,0,0:0:0:0:
192,192,122387,1,0,0:0:0:50:drum-hitclap.wav
448,192,122387,1,0,0:0:0:0:
64,192,122867,1,0,0:0:0:70:soft-hitwhistle.wav
192,192,122867,1,0,0:0:0:0:
448,192,123347,1,0,0:0:0:50:drum-hitclap.wav
64,192,123347,1,0,0:0:0:0:
192,192,123827,128,0,125747:0:0:0:70:soft-hitwhistle.wav
448,192,123827,1,0,0:0:0:0:
320,192,124307,1,0,0:0:0:50:drum-hitclap.wav
448,192,124307,1,0,0:0:0:0:
64,192,124787,128,0,125747:0:0:0:70:soft-hitwhistle.wav
448,192,124787,1,0,0:0:0:0:
448,192,125267,1,0,0:0:0:50:drum-hitclap.wav
320,192,125267,1,0,0:0:0:0:
320,192,125747,1,0,0:0:0:0:
448,192,125747,1,0,0:0:0:0:
