osu file format v14

[General]
AudioFilename: M2U   Magnolia.mp3
AudioLeadIn: 0
PreviewTime: 79125
Countdown: 0
SampleSet: Soft
StackLeniency: 0.7
Mode: 3
LetterboxInBreaks: 0
SpecialStyle: 0
WidescreenStoryboard: 1

[Editor]
DistanceSpacing: 1.1
BeatDivisor: 4
GridSize: 16
TimelineZoom: 1.6

[Metadata]
Title:Magnolia
TitleUnicode:Magnolia
Artist:M2U feat. Guriri
ArtistUnicode:M2U feat. Guriri
Creator:OmegaJack
Version:4K Hard
Source:Deemo
Tags:dubstep symphonic wav.av. rayark
BeatmapID:452346
BeatmapSetID:153550

[Difficulty]
HPDrainRate:7
CircleSize:4
OverallDifficulty:7
ApproachRate:5
SliderMultiplier:1.4
SliderTickRate:1

[Events]
//Background and Video events
Video,0,"M2U   Magnolia.avi"
0,0,"magnolia.jpg",0,0
//Break Periods
//Storyboard Layer 0 (Background)
//Storyboard Layer 1 (Fail)
//Storyboard Layer 2 (Pass)
//Storyboard Layer 3 (Foreground)
//Storyboard Sound Samples

[TimingPoints]
1125,375,4,2,0,50,1,0
1500,-125,4,2,0,25,0,0
8625,-111.111111111111,4,2,0,35,0,0
8671,-111.111111111111,4,2,0,50,0,0
10171,-100,4,2,0,50,0,0
26812,-125,4,2,0,25,0,0
40125,-100,4,2,0,50,0,0
52125,-100,4,2,0,50,0,1
70125,-100,4,2,0,50,0,0
82125,-100,4,2,0,50,0,1
105375,-117.647058823529,4,2,0,50,0,1
106125,-117.647058823529,4,2,0,50,0,0
112125,-100,4,2,0,50,0,0
118125,-100,4,2,0,50,0,1
136125,-117.647058823529,4,2,0,50,0,0


[HitObjects]
64,192,1312,128,0,2625:0:0:0:0:
448,192,2625,5,4,0:0:0:0:
320,192,2625,1,4,0:0:0:0:
64,192,3000,1,0,0:0:0:0:
256,192,3093,1,0,0:0:0:0:
192,192,3187,1,0,0:0:0:0:
402,192,3281,1,0,0:0:0:0:
64,192,3375,1,0,0:0:0:0:
182,192,3375,1,0,0:0:0:0:
192,192,3750,1,0,0:0:0:0:
256,192,3750,1,0,0:0:0:0:
192,192,4125,1,0,0:0:0:0:
448,192,4125,1,0,0:0:0:0:
320,192,4687,1,0,0:0:0:0:
448,192,4781,1,0,0:0:0:0:
192,192,4875,1,0,0:0:0:0:
64,192,4875,1,0,0:0:0:0:
256,192,5625,1,4,0:0:0:0:
402,192,5625,1,4,0:0:0:0:
192,192,5625,1,0,0:0:0:0:
36,192,6000,1,0,0:0:0:0:
182,192,6093,1,0,0:0:0:0:
329,192,6187,1,0,0:0:0:0:
402,192,6281,1,0,0:0:0:0:
192,192,6375,1,0,0:0:0:0:
109,192,6375,1,0,0:0:0:0:
448,192,6750,1,0,0:0:0:0:
256,192,6750,1,0,0:0:0:0:
192,192,7125,1,0,0:0:0:0:
64,192,7125,1,0,0:0:0:0:
182,192,7687,1,0,0:0:0:0:
329,192,7781,1,0,0:0:0:0:
109,192,7875,1,0,0:0:0:0:
192,192,7875,1,0,0:0:0:0:
402,192,8062,1,0,0:0:0:0:
329,192,8250,1,0,0:0:0:0:
192,192,8437,1,0,0:0:0:0:
320,192,8625,1,4,0:0:0:0:
64,192,8625,1,4,0:0:0:0:
448,192,8625,1,0,0:0:0:0:
448,192,9000,1,0,0:0:0:0:
192,192,9093,1,0,0:0:0:0:
320,192,9187,1,0,0:0:0:0:
109,192,9281,1,0,0:0:0:0:
320,192,9375,1,8,0:0:0:0:
192,192,9375,1,8,0:0:0:0:
448,192,9375,1,0,0:0:0:0:
64,192,9750,1,0,0:0:0:0:
182,192,9750,1,0,0:0:0:0:
182,192,10125,1,0,0:0:0:0:
36,192,10125,1,0,0:0:0:0:
182,192,10500,1,0,0:0:0:0:
256,192,10593,1,0,0:0:0:0:
192,192,10687,1,0,0:0:0:0:
320,192,10781,1,0,0:0:0:0:
64,192,10875,1,8,0:0:0:0:
192,192,10875,1,8,0:0:0:0:
448,192,10875,1,0,0:0:0:0:
192,192,11250,1,0,0:0:0:0:
402,192,11250,1,0,0:0:0:0:
256,192,11625,1,0,0:0:0:0:
475,192,12000,1,0,0:0:0:0:
320,192,12093,1,0,0:0:0:0:
36,192,12187,1,0,0:0:0:0:
192,192,12281,1,0,0:0:0:0:
320,192,12375,1,12,0:0:0:0:
448,192,12375,1,12,0:0:0:0:
64,192,12375,1,0,0:0:0:0:
448,192,12750,1,0,0:0:0:0:
448,192,13125,1,0,0:0:0:0:
64,192,13125,1,0,0:0:0:0:
329,192,13312,1,0,0:0:0:0:
36,192,13500,1,0,0:0:0:0:
192,192,13687,1,0,0:0:0:0:
320,192,13875,1,0,0:0:0:0:
448,192,13875,1,0,0:0:0:0:
64,192,13875,128,0,14343:0:0:0:0:
402,192,14343,1,0,0:0:0:0:
256,192,14437,1,0,0:0:0:0:
36,192,14625,1,0,0:0:0:0:
475,192,14625,1,0,0:0:0:0:
192,192,14812,1,0,0:0:0:0:
320,192,15000,1,0,0:0:0:0:
448,192,15187,1,8,0:0:0:0:
64,192,15187,1,0,0:0:0:0:
182,192,15187,1,8,0:0:0:0:
320,192,15750,1,0,0:0:0:0:
448,192,15750,1,0,0:0:0:0:
64,192,15750,1,0,0:0:0:0:
192,192,15937,1,0,0:0:0:0:
320,192,16125,1,0,0:0:0:0:
192,192,16312,1,8,0:0:0:0:
448,192,16312,1,0,0:0:0:0:
64,192,16312,1,8,0:0:0:0:
320,192,16500,1,0,0:0:0:0:
192,192,16687,1,0,0:0:0:0:
320,192,16875,1,0,0:0:0:0:
448,192,16875,1,4,0:0:0:0:
64,192,16875,128,4,18375:0:0:0:0:
320,192,17625,1,0,0:0:0:0:
448,192,18375,1,0,0:0:0:0:
192,192,18375,1,0,0:0:0:0:
320,192,18562,1,0,0:0:0:0:
192,192,18750,1,0,0:0:0:0:
64,192,18937,1,0,0:0:0:0:
320,192,19125,1,0,0:0:0:0:
192,192,19687,1,0,0:0:0:0:
448,192,19687,1,0,0:0:0:0:
320,192,19687,1,0,0:0:0:0:
320,192,20250,1,0,0:0:0:0:
192,192,20250,1,0,0:0:0:0:
64,192,20250,1,0,0:0:0:0:
448,192,20625,1,0,0:0:0:0:
192,192,20625,1,0,0:0:0:0:
329,192,20812,1,0,0:0:0:0:
192,192,21000,1,0,0:0:0:0:
64,192,21187,1,8,0:0:0:0:
320,192,21187,1,0,0:0:0:0:
448,192,21187,1,8,0:0:0:0:
320,192,21562,1,0,0:0:0:0:
192,192,21750,1,0,0:0:0:0:
36,192,21750,1,0,0:0:0:0:
448,192,22312,1,8,0:0:0:0:
320,192,22312,1,8,0:0:0:0:
109,192,22500,1,0,0:0:0:0:
256,192,22687,1,0,0:0:0:0:
64,192,22828,1,0,0:0:0:0:
192,192,22851,1,0,0:0:0:0:
448,192,22875,1,4,0:0:0:0:
320,192,22875,1,4,0:0:0:0:
192,192,23437,1,0,0:0:0:0:
320,192,23531,1,0,0:0:0:0:
448,192,23625,1,0,0:0:0:0:
256,192,23875,1,0,0:0:0:0:
109,192,24125,1,0,0:0:0:0:
402,192,24375,1,0,0:0:0:0:
329,192,24625,1,0,0:0:0:0:
182,192,24875,1,0,0:0:0:0:
36,192,25125,128,0,26625:0:0:0:0:
448,192,25125,128,0,26625:0:0:0:0:
36,192,27750,1,0,0:0:0:0:
320,192,28125,1,0,0:0:0:0:
448,192,28125,1,0,0:0:0:0:
192,192,28125,1,0,0:0:0:0:
64,192,28312,1,0,0:0:0:0:
192,192,28500,1,0,0:0:0:0:
256,192,28687,1,0,0:0:0:0:
36,192,28875,1,0,0:0:0:0:
192,192,28875,1,0,0:0:0:0:
475,192,28875,1,0,0:0:0:0:
182,192,29250,1,0,0:0:0:0:
320,192,29250,1,0,0:0:0:0:
36,192,29578,1,0,0:0:0:0:
192,192,29601,1,0,0:0:0:0:
320,192,29625,1,0,0:0:0:0:
448,192,29625,1,0,0:0:0:0:
329,192,30000,1,0,0:0:0:0:
475,192,30000,1,0,0:0:0:0:
182,192,30187,1,0,0:0:0:0:
36,192,30375,1,0,0:0:0:0:
402,192,30375,1,0,0:0:0:0:
182,192,30562,1,0,0:0:0:0:
329,192,30750,1,0,0:0:0:0:
64,192,30937,1,0,0:0:0:0:
192,192,31125,1,0,0:0:0:0:
448,192,31125,1,0,0:0:0:0:
320,192,31125,1,0,0:0:0:0:
448,192,31500,1,0,0:0:0:0:
192,192,31875,1,0,0:0:0:0:
64,192,31875,1,0,0:0:0:0:
320,192,31875,1,0,0:0:0:0:
402,192,32250,1,0,0:0:0:0:
182,192,32250,1,0,0:0:0:0:
448,192,32625,1,0,0:0:0:0:
320,192,32625,1,0,0:0:0:0:
320,192,33000,1,0,0:0:0:0:
475,192,33000,1,0,0:0:0:0:
36,192,33187,1,0,0:0:0:0:
192,192,33375,1,0,0:0:0:0:
320,192,33375,1,0,0:0:0:0:
448,192,33375,1,0,0:0:0:0:
320,192,33750,1,0,0:0:0:0:
192,192,33750,1,0,0:0:0:0:
448,192,33937,1,0,0:0:0:0:
256,192,34078,1,0,0:0:0:0:
182,192,34101,1,0,0:0:0:0:
64,192,34125,1,0,0:0:0:0:
329,192,34500,1,0,0:0:0:0:
182,192,34687,1,0,0:0:0:0:
448,192,34875,1,0,0:0:0:0:
64,192,34875,1,0,0:0:0:0:
320,192,34875,1,0,0:0:0:0:
448,192,35250,1,0,0:0:0:0:
192,192,35250,1,0,0:0:0:0:
64,192,35250,1,0,0:0:0:0:
256,192,35625,1,0,0:0:0:0:
192,192,35625,1,0,0:0:0:0:
64,192,35625,1,0,0:0:0:0:
192,192,36000,1,0,0:0:0:0:
448,192,36000,1,0,0:0:0:0:
320,192,36000,1,0,0:0:0:0:
475,192,36375,1,0,0:0:0:0:
36,192,36375,1,0,0:0:0:0:
329,192,36375,1,0,0:0:0:0:
64,192,36750,1,0,0:0:0:0:
192,192,36843,1,0,0:0:0:0:
329,192,36937,1,0,0:0:0:0:
402,192,37031,1,0,0:0:0:0:
64,192,37125,128,0,37875:0:0:0:0:
192,192,37125,1,0,0:0:0:0:
448,192,37312,1,0,0:0:0:0:
320,192,37500,1,0,0:0:0:0:
192,192,37687,1,0,0:0:0:0:
320,192,37875,1,0,0:0:0:0:
475,192,37875,1,0,0:0:0:0:
192,192,38250,1,0,0:0:0:0:
320,192,38250,1,0,0:0:0:0:
36,192,38625,1,0,0:0:0:0:
475,192,38625,1,0,0:0:0:0:
182,192,38812,1,0,0:0:0:0:
329,192,39000,1,0,0:0:0:0:
64,192,39187,1,0,0:0:0:0:
192,192,39187,1,0,0:0:0:0:
448,192,39187,1,0,0:0:0:0:
192,192,39375,1,0,0:0:0:0:
320,192,39375,1,0,0:0:0:0:
448,192,39562,1,0,0:0:0:0:
64,192,39750,1,0,0:0:0:0:
192,192,39750,1,0,0:0:0:0:
192,192,40125,1,4,0:0:0:0:
448,192,40125,1,4,0:0:0:0:
320,192,40125,1,0,0:0:0:0:
402,192,40875,1,8,0:0:0:0:
36,192,40875,1,0,0:0:0:0:
320,192,40875,1,8,0:0:0:0:
256,192,41250,1,0,0:0:0:0:
192,192,41625,1,0,0:0:0:0:
329,192,42000,1,0,0:0:0:0:
36,192,42000,1,0,0:0:0:0:
448,192,42375,1,8,0:0:0:0:
320,192,42375,1,8,0:0:0:0:
192,192,42375,1,0,0:0:0:0:
192,192,42750,1,0,0:0:0:0:
448,192,43125,1,0,0:0:0:0:
64,192,43125,1,0,0:0:0:0:
320,192,43875,1,8,0:0:0:0:
402,192,43875,1,8,0:0:0:0:
64,192,43875,1,0,0:0:0:0:
182,192,44250,1,0,0:0:0:0:
192,192,44625,1,0,0:0:0:0:
192,192,45000,1,0,0:0:0:0:
64,192,45000,1,0,0:0:0:0:
448,192,45375,1,8,0:0:0:0:
192,192,45375,1,8,0:0:0:0:
320,192,45375,1,0,0:0:0:0:
320,192,45750,1,0,0:0:0:0:
64,192,45750,1,0,0:0:0:0:
36,192,46125,1,4,0:0:0:0:
192,192,46125,1,0,0:0:0:0:
320,192,46125,1,0,0:0:0:0:
475,192,46500,1,0,0:0:0:0:
64,192,46875,1,8,0:0:0:0:
448,192,46875,1,8,0:0:0:0:
320,192,46875,1,0,0:0:0:0:
192,192,47250,1,0,0:0:0:0:
109,192,47625,1,0,0:0:0:0:
448,192,48000,1,0,0:0:0:0:
320,192,48000,1,0,0:0:0:0:
36,192,48375,1,8,0:0:0:0:
320,192,48375,1,0,0:0:0:0:
192,192,48375,1,8,0:0:0:0:
475,192,48750,1,0,0:0:0:0:
109,192,49125,1,0,0:0:0:0:
329,192,49125,128,0,49875:0:0:0:0:
64,192,49875,1,8,0:0:0:0:
192,192,49875,1,8,0:0:0:0:
256,192,50250,1,0,0:0:0:0:
475,192,50625,128,0,51375:0:0:0:0:
109,192,51000,1,0,0:0:0:0:
320,192,51375,1,12,0:0:0:0:
192,192,51375,1,12,0:0:0:0:
109,192,51562,1,0,0:0:0:0:
192,192,51750,1,0,0:0:0:0:
448,192,51937,1,0,0:0:0:0:
192,192,52125,1,0,0:0:0:0:
64,192,52125,1,0,0:0:0:0:
320,192,52125,1,0,0:0:0:0:
448,192,52312,1,0,0:0:0:0:
320,192,52500,1,0,0:0:0:0:
448,192,52687,1,0,0:0:0:0:
192,192,52687,1,0,0:0:0:0:
64,192,52687,1,0,0:0:0:0:
320,192,52875,1,0,0:0:0:0:
192,192,53062,1,0,0:0:0:0:
64,192,53250,1,0,0:0:0:0:
320,192,53250,1,0,0:0:0:0:
475,192,53250,1,0,0:0:0:0:
182,192,53437,1,0,0:0:0:0:
448,192,53625,1,0,0:0:0:0:
64,192,53625,1,0,0:0:0:0:
320,192,53812,1,0,0:0:0:0:
192,192,54000,1,0,0:0:0:0:
64,192,54187,1,0,0:0:0:0:
448,192,54187,1,0,0:0:0:0:
320,192,54187,1,0,0:0:0:0:
192,192,54375,1,0,0:0:0:0:
64,192,54562,1,0,0:0:0:0:
192,192,54750,1,0,0:0:0:0:
320,192,54750,1,0,0:0:0:0:
448,192,54750,1,0,0:0:0:0:
64,192,54937,1,0,0:0:0:0:
320,192,55125,1,0,0:0:0:0:
192,192,55125,1,0,0:0:0:0:
448,192,55312,1,0,0:0:0:0:
192,192,55500,1,0,0:0:0:0:
320,192,55687,1,0,0:0:0:0:
64,192,55687,1,0,0:0:0:0:
448,192,55687,1,0,0:0:0:0:
320,192,55875,1,0,0:0:0:0:
320,192,56062,1,0,0:0:0:0:
192,192,56250,1,0,0:0:0:0:
64,192,56250,1,0,0:0:0:0:
448,192,56250,1,0,0:0:0:0:
320,192,56437,1,0,0:0:0:0:
64,192,56625,1,0,0:0:0:0:
192,192,56625,1,0,0:0:0:0:
320,192,56812,1,0,0:0:0:0:
192,192,57000,1,0,0:0:0:0:
320,192,57187,1,0,0:0:0:0:
448,192,57187,1,0,0:0:0:0:
64,192,57187,1,0,0:0:0:0:
192,192,57375,1,0,0:0:0:0:
448,192,57562,1,0,0:0:0:0:
64,192,57750,1,0,0:0:0:0:
182,192,57750,1,0,0:0:0:0:
320,192,57750,1,0,0:0:0:0:
448,192,57937,1,0,0:0:0:0:
192,192,58125,1,0,0:0:0:0:
64,192,58125,1,0,0:0:0:0:
320,192,58125,1,0,0:0:0:0:
64,192,58687,1,0,0:0:0:0:
192,192,58687,1,0,0:0:0:0:
448,192,58687,1,0,0:0:0:0:
448,192,59250,1,0,0:0:0:0:
64,192,59250,1,0,0:0:0:0:
320,192,59250,1,0,0:0:0:0:
448,192,59625,1,0,0:0:0:0:
192,192,59625,128,0,60187:0:0:0:0:
320,192,59812,1,0,0:0:0:0:
448,192,60000,1,0,0:0:0:0:
320,192,60187,1,0,0:0:0:0:
64,192,60187,128,0,60750:0:0:0:0:
448,192,60375,1,0,0:0:0:0:
320,192,60562,1,0,0:0:0:0:
192,192,60750,1,0,0:0:0:0:
448,192,60750,128,0,61125:0:0:0:0:
320,192,60937,1,0,0:0:0:0:
192,192,61125,1,0,0:0:0:0:
64,192,61125,1,0,0:0:0:0:
320,192,61687,1,0,0:0:0:0:
192,192,61687,1,0,0:0:0:0:
448,192,61687,1,0,0:0:0:0:
36,192,62250,1,0,0:0:0:0:
182,192,62250,1,0,0:0:0:0:
329,192,62250,1,0,0:0:0:0:
320,192,62625,1,0,0:0:0:0:
192,192,62625,1,0,0:0:0:0:
475,192,63000,1,0,0:0:0:0:
36,192,63000,1,0,0:0:0:0:
192,192,63187,1,0,0:0:0:0:
320,192,63187,128,0,63750:0:0:0:0:
448,192,64125,1,0,0:0:0:0:
192,192,64125,1,14,0:0:0:0:
64,192,64125,1,14,0:0:0:0:
402,192,64687,1,0,0:0:0:0:
256,192,64687,1,14,0:0:0:0:
109,192,64687,1,14,0:0:0:0:
182,192,64875,1,0,0:0:0:0:
36,192,65062,1,0,0:0:0:0:
329,192,65250,1,14,0:0:0:0:
402,192,65250,1,0,0:0:0:0:
109,192,65250,1,14,0:0:0:0:
182,192,65437,1,0,0:0:0:0:
448,192,65625,1,0,0:0:0:0:
64,192,65812,1,0,0:0:0:0:
192,192,66000,1,0,0:0:0:0:
320,192,66187,1,0,0:0:0:0:
448,192,66375,1,0,0:0:0:0:
64,192,66375,1,0,0:0:0:0:
320,192,66562,1,0,0:0:0:0:
448,192,66750,1,0,0:0:0:0:
192,192,66750,1,0,0:0:0:0:
64,192,66937,1,0,0:0:0:0:
320,192,67125,1,0,0:0:0:0:
192,192,67125,1,14,0:0:0:0:
448,192,67125,1,14,0:0:0:0:
192,192,67687,1,0,0:0:0:0:
64,192,67687,1,14,0:0:0:0:
448,192,67687,1,14,0:0:0:0:
448,192,68250,1,14,0:0:0:0:
320,192,68250,1,14,0:0:0:0:
64,192,68250,128,0,69843:0:0:0:0:
475,192,69375,1,0,0:0:0:0:
192,192,69375,128,0,69843:0:0:0:0:
448,192,69843,1,0,0:0:0:0:
320,192,69937,1,0,0:0:0:0:
320,192,70125,1,4,0:0:0:0:
448,192,70125,1,4,0:0:0:0:
64,192,70125,1,0,0:0:0:0:
192,192,70312,1,0,0:0:0:0:
320,192,70500,1,0,0:0:0:0:
475,192,70687,1,0,0:0:0:0:
320,192,70875,1,0,0:0:0:0:
64,192,70875,1,0,0:0:0:0:
192,192,71250,1,0,0:0:0:0:
448,192,71250,1,0,0:0:0:0:
64,192,71625,1,0,0:0:0:0:
320,192,71625,1,0,0:0:0:0:
475,192,72000,1,0,0:0:0:0:
192,192,72000,1,0,0:0:0:0:
320,192,72187,1,0,0:0:0:0:
36,192,72375,1,0,0:0:0:0:
320,192,72468,1,0,0:0:0:0:
192,192,72562,1,0,0:0:0:0:
448,192,72656,1,0,0:0:0:0:
192,192,72750,1,0,0:0:0:0:
320,192,72843,1,0,0:0:0:0:
36,192,72937,1,0,0:0:0:0:
320,192,73031,1,0,0:0:0:0:
192,192,73125,1,0,0:0:0:0:
320,192,73312,1,0,0:0:0:0:
448,192,73500,1,0,0:0:0:0:
192,192,73687,1,0,0:0:0:0:
36,192,73875,1,0,0:0:0:0:
448,192,73875,1,0,0:0:0:0:
109,192,74250,1,0,0:0:0:0:
320,192,74250,1,0,0:0:0:0:
192,192,74625,1,0,0:0:0:0:
320,192,74625,1,0,0:0:0:0:
36,192,75000,1,0,0:0:0:0:
402,192,75000,1,0,0:0:0:0:
192,192,75187,1,0,0:0:0:0:
475,192,75375,1,0,0:0:0:0:
329,192,75468,1,0,0:0:0:0:
192,192,75562,1,0,0:0:0:0:
64,192,75656,1,0,0:0:0:0:
192,192,75750,1,0,0:0:0:0:
320,192,75843,1,0,0:0:0:0:
192,192,75937,1,0,0:0:0:0:
329,192,76031,1,0,0:0:0:0:
192,192,76125,1,12,0:0:0:0:
448,192,76125,1,0,0:0:0:0:
64,192,76125,1,12,0:0:0:0:
448,192,76500,1,8,0:0:0:0:
320,192,76500,1,8,0:0:0:0:
109,192,76875,1,8,0:0:0:0:
182,192,76875,1,8,0:0:0:0:
402,192,77250,1,8,0:0:0:0:
192,192,77250,1,8,0:0:0:0:
36,192,77625,1,8,0:0:0:0:
320,192,77625,1,8,0:0:0:0:
192,192,78000,1,8,0:0:0:0:
256,192,78000,1,8,0:0:0:0:
192,192,78375,1,8,0:0:0:0:
64,192,78375,1,8,0:0:0:0:
320,192,78468,1,0,0:0:0:0:
192,192,78562,1,0,0:0:0:0:
320,192,78656,1,0,0:0:0:0:
64,192,78750,1,8,0:0:0:0:
448,192,78750,1,8,0:0:0:0:
182,192,78843,1,0,0:0:0:0:
256,192,78937,1,0,0:0:0:0:
448,192,79031,1,0,0:0:0:0:
109,192,79125,1,12,0:0:0:0:
192,192,79125,1,12,0:0:0:0:
320,192,79125,1,0,0:0:0:0:
64,192,79312,1,0,0:0:0:0:
64,192,79500,1,0,0:0:0:0:
192,192,79687,1,12,0:0:0:0:
448,192,79687,1,12,0:0:0:0:
320,192,79687,1,0,0:0:0:0:
448,192,79875,1,0,0:0:0:0:
448,192,80062,1,0,0:0:0:0:
320,192,80250,1,12,0:0:0:0:
192,192,80250,1,12,0:0:0:0:
320,192,80625,1,0,0:0:0:0:
402,192,80625,1,0,0:0:0:0:
329,192,80812,1,0,0:0:0:0:
182,192,80812,1,0,0:0:0:0:
36,192,81000,1,0,0:0:0:0:
192,192,81000,1,0,0:0:0:0:
329,192,81187,1,0,0:0:0:0:
192,192,81187,1,0,0:0:0:0:
320,192,81562,1,12,0:0:0:0:
192,192,81562,1,4,0:0:0:0:
64,192,81750,128,8,82125:0:0:0:0:
448,192,81750,128,0,82125:0:0:0:0:
192,192,82125,1,0,0:0:0:0:
256,192,82406,1,0,0:0:0:0:
448,192,82687,1,0,0:0:0:0:
192,192,82875,1,0,0:0:0:0:
64,192,82875,1,0,0:0:0:0:
320,192,82875,1,0,0:0:0:0:
448,192,83156,1,0,0:0:0:0:
448,192,83343,1,0,0:0:0:0:
320,192,83437,1,0,0:0:0:0:
192,192,83625,1,0,0:0:0:0:
64,192,83625,1,0,0:0:0:0:
182,192,83906,1,0,0:0:0:0:
402,192,84187,1,0,0:0:0:0:
192,192,84375,1,0,0:0:0:0:
64,192,84375,1,0,0:0:0:0:
320,192,84468,1,0,0:0:0:0:
192,192,84562,1,0,0:0:0:0:
320,192,84656,1,0,0:0:0:0:
109,192,84750,1,0,0:0:0:0:
475,192,84750,1,0,0:0:0:0:
329,192,84937,1,0,0:0:0:0:
192,192,85125,1,0,0:0:0:0:
64,192,85125,1,0,0:0:0:0:
329,192,85406,1,0,0:0:0:0:
475,192,85687,1,0,0:0:0:0:
192,192,85875,1,0,0:0:0:0:
320,192,85875,1,0,0:0:0:0:
64,192,85875,1,0,0:0:0:0:
64,192,86156,1,0,0:0:0:0:
64,192,86343,1,0,0:0:0:0:
182,192,86437,1,0,0:0:0:0:
448,192,86625,1,0,0:0:0:0:
329,192,86625,1,0,0:0:0:0:
109,192,86812,1,0,0:0:0:0:
402,192,87000,1,0,0:0:0:0:
192,192,87187,1,0,0:0:0:0:
64,192,87187,1,0,0:0:0:0:
320,192,87187,128,0,87468:0:0:0:0:
448,192,87375,1,0,0:0:0:0:
64,192,87562,1,0,0:0:0:0:
192,192,87656,1,0,0:0:0:0:
320,192,87750,1,0,0:0:0:0:
448,192,87750,128,0,88031:0:0:0:0:
448,192,88125,1,0,0:0:0:0:
320,192,88125,1,0,0:0:0:0:
64,192,88125,1,0,0:0:0:0:
192,192,88406,1,0,0:0:0:0:
320,192,88687,1,0,0:0:0:0:
475,192,88875,1,0,0:0:0:0:
64,192,88875,1,0,0:0:0:0:
192,192,88875,1,0,0:0:0:0:
182,192,89156,1,0,0:0:0:0:
192,192,89343,1,0,0:0:0:0:
36,192,89437,1,0,0:0:0:0:
448,192,89625,1,0,0:0:0:0:
320,192,89625,1,0,0:0:0:0:
320,192,89906,1,0,0:0:0:0:
64,192,90187,1,0,0:0:0:0:
256,192,90375,1,0,0:0:0:0:
448,192,90375,1,0,0:0:0:0:
192,192,90375,1,0,0:0:0:0:
320,192,90562,1,0,0:0:0:0:
475,192,90562,1,0,0:0:0:0:
64,192,90750,1,0,0:0:0:0:
192,192,90750,1,0,0:0:0:0:
402,192,90937,1,0,0:0:0:0:
256,192,90937,1,0,0:0:0:0:
36,192,91125,1,0,0:0:0:0:
475,192,91125,1,0,0:0:0:0:
192,192,91406,1,0,0:0:0:0:
192,192,91687,1,0,0:0:0:0:
64,192,91875,1,0,0:0:0:0:
320,192,91875,1,0,0:0:0:0:
448,192,91875,1,0,0:0:0:0:
109,192,92156,1,0,0:0:0:0:
192,192,92156,1,0,0:0:0:0:
448,192,92156,1,0,0:0:0:0:
192,192,92437,1,0,0:0:0:0:
320,192,92437,1,0,0:0:0:0:
64,192,92625,1,0,0:0:0:0:
448,192,92625,1,0,0:0:0:0:
320,192,93187,1,0,0:0:0:0:
192,192,93187,1,0,0:0:0:0:
320,192,93562,1,0,0:0:0:0:
192,192,93562,1,0,0:0:0:0:
64,192,93562,1,0,0:0:0:0:
448,192,93750,128,0,94125:0:0:0:0:
320,192,94125,1,0,0:0:0:0:
64,192,94125,1,0,0:0:0:0:
320,192,94500,1,0,0:0:0:0:
448,192,94500,1,0,0:0:0:0:
320,192,94687,1,0,0:0:0:0:
448,192,94687,1,0,0:0:0:0:
320,192,94875,1,0,0:0:0:0:
109,192,94875,1,0,0:0:0:0:
192,192,94875,1,0,0:0:0:0:
64,192,95156,1,0,0:0:0:0:
475,192,95437,1,0,0:0:0:0:
192,192,95625,1,0,0:0:0:0:
64,192,95625,1,0,0:0:0:0:
182,192,95906,1,0,0:0:0:0:
402,192,96187,1,0,0:0:0:0:
109,192,96375,1,0,0:0:0:0:
320,192,96375,1,0,0:0:0:0:
192,192,96562,1,0,0:0:0:0:
448,192,96562,1,0,0:0:0:0:
329,192,96750,1,0,0:0:0:0:
192,192,96937,1,0,0:0:0:0:
64,192,97125,1,0,0:0:0:0:
320,192,97125,1,0,0:0:0:0:
448,192,97125,1,0,0:0:0:0:
475,192,97500,1,0,0:0:0:0:
36,192,97500,1,0,0:0:0:0:
475,192,97687,1,0,0:0:0:0:
109,192,97687,1,0,0:0:0:0:
64,192,97875,1,0,0:0:0:0:
320,192,97875,1,0,0:0:0:0:
192,192,97875,1,0,0:0:0:0:
182,192,98156,1,0,0:0:0:0:
448,192,98437,1,0,0:0:0:0:
64,192,98625,1,0,0:0:0:0:
320,192,98812,1,0,0:0:0:0:
192,192,99000,1,0,0:0:0:0:
402,192,99187,1,0,0:0:0:0:
320,192,99187,1,0,0:0:0:0:
192,192,99375,1,0,0:0:0:0:
64,192,99375,1,0,0:0:0:0:
448,192,99562,1,0,0:0:0:0:
329,192,99656,1,0,0:0:0:0:
192,192,99750,1,0,0:0:0:0:
475,192,99750,1,0,0:0:0:0:
256,192,100125,1,0,0:0:0:0:
192,192,100125,1,0,0:0:0:0:
64,192,100500,1,0,0:0:0:0:
320,192,100500,1,0,0:0:0:0:
64,192,100687,1,0,0:0:0:0:
448,192,100687,1,0,0:0:0:0:
320,192,100875,1,0,0:0:0:0:
192,192,100875,1,0,0:0:0:0:
448,192,100875,1,0,0:0:0:0:
192,192,101156,1,0,0:0:0:0:
64,192,101437,1,0,0:0:0:0:
320,192,101625,1,0,0:0:0:0:
475,192,101906,1,0,0:0:0:0:
109,192,102187,1,0,0:0:0:0:
320,192,102375,1,0,0:0:0:0:
192,192,102375,1,0,0:0:0:0:
448,192,102375,1,0,0:0:0:0:
192,192,102656,1,0,0:0:0:0:
320,192,102656,1,0,0:0:0:0:
320,192,102937,1,0,0:0:0:0:
192,192,102937,1,0,0:0:0:0:
448,192,103125,1,14,0:0:0:0:
64,192,103125,1,14,0:0:0:0:
109,192,103687,1,14,0:0:0:0:
182,192,103687,1,0,0:0:0:0:
475,192,103687,1,14,0:0:0:0:
64,192,104062,1,0,0:0:0:0:
182,192,104250,1,14,0:0:0:0:
320,192,104250,1,14,0:0:0:0:
448,192,104250,1,14,0:0:0:0:
329,192,104812,1,0,0:0:0:0:
182,192,104812,1,0,0:0:0:0:
448,192,105375,1,6,0:0:0:0:
64,192,105375,128,6,106125:0:0:0:0:
192,192,105375,1,6,0:0:0:0:
402,192,106125,1,0,0:0:0:0:
256,192,106125,1,0,0:0:0:0:
109,192,106312,1,0,0:0:0:0:
402,192,106500,1,0,0:0:0:0:
109,192,106687,1,0,0:0:0:0:
448,192,106875,1,8,0:0:0:0:
320,192,106875,1,8,0:0:0:0:
182,192,107062,1,0,0:0:0:0:
329,192,107250,1,0,0:0:0:0:
192,192,107437,1,0,0:0:0:0:
320,192,107625,1,0,0:0:0:0:
64,192,107812,1,0,0:0:0:0:
320,192,108000,1,0,0:0:0:0:
402,192,108000,1,0,0:0:0:0:
64,192,108187,1,0,0:0:0:0:
192,192,108375,1,8,0:0:0:0:
448,192,108375,1,0,0:0:0:0:
320,192,108375,1,8,0:0:0:0:
64,192,108562,1,0,0:0:0:0:
320,192,108750,1,0,0:0:0:0:
448,192,108937,1,0,0:0:0:0:
182,192,109125,1,0,0:0:0:0:
109,192,109125,1,0,0:0:0:0:
320,192,109125,1,0,0:0:0:0:
256,192,109312,1,0,0:0:0:0:
36,192,109500,1,0,0:0:0:0:
475,192,109500,1,0,0:0:0:0:
64,192,109687,1,0,0:0:0:0:
192,192,109875,1,8,0:0:0:0:
402,192,109875,1,8,0:0:0:0:
192,192,110062,1,0,0:0:0:0:
320,192,110250,1,0,0:0:0:0:
64,192,110250,1,0,0:0:0:0:
320,192,110437,1,0,0:0:0:0:
192,192,110625,1,0,0:0:0:0:
402,192,110625,1,0,0:0:0:0:
448,192,110812,1,0,0:0:0:0:
64,192,111000,1,0,0:0:0:0:
192,192,111000,1,0,0:0:0:0:
320,192,111000,1,0,0:0:0:0:
448,192,111187,1,0,0:0:0:0:
320,192,111281,1,0,0:0:0:0:
192,192,111375,1,0,0:0:0:0:
64,192,111375,1,0,0:0:0:0:
320,192,111562,1,0,0:0:0:0:
448,192,111562,1,0,0:0:0:0:
36,192,111750,1,0,0:0:0:0:
192,192,111750,1,0,0:0:0:0:
475,192,111937,1,0,0:0:0:0:
320,192,111937,1,0,0:0:0:0:
192,192,112125,1,0,0:0:0:0:
64,192,112125,1,0,0:0:0:0:
192,192,112312,1,0,0:0:0:0:
320,192,112500,1,0,0:0:0:0:
475,192,112500,1,0,0:0:0:0:
320,192,112687,1,0,0:0:0:0:
448,192,112875,1,14,0:0:0:0:
64,192,112875,1,14,0:0:0:0:
192,192,112875,1,0,0:0:0:0:
402,192,113062,1,0,0:0:0:0:
320,192,113250,1,0,0:0:0:0:
192,192,113437,1,0,0:0:0:0:
402,192,113625,1,0,0:0:0:0:
256,192,113625,1,0,0:0:0:0:
36,192,113625,1,0,0:0:0:0:
192,192,113812,1,0,0:0:0:0:
109,192,114000,1,0,0:0:0:0:
192,192,114000,1,0,0:0:0:0:
320,192,114000,1,0,0:0:0:0:
475,192,114187,1,0,0:0:0:0:
320,192,114375,1,14,0:0:0:0:
64,192,114375,1,14,0:0:0:0:
192,192,114375,1,0,0:0:0:0:
475,192,114562,1,0,0:0:0:0:
182,192,114750,1,0,0:0:0:0:
320,192,114750,1,0,0:0:0:0:
36,192,114937,1,0,0:0:0:0:
448,192,115125,1,0,0:0:0:0:
192,192,115125,1,0,0:0:0:0:
36,192,115500,1,0,0:0:0:0:
475,192,115500,1,0,0:0:0:0:
192,192,115593,1,0,0:0:0:0:
320,192,115593,1,0,0:0:0:0:
64,192,115687,1,0,0:0:0:0:
448,192,115687,1,0,0:0:0:0:
320,192,115781,1,0,0:0:0:0:
192,192,115781,1,0,0:0:0:0:
402,192,115875,1,8,0:0:0:0:
109,192,115875,1,8,0:0:0:0:
256,192,116250,1,0,0:0:0:0:
402,192,116250,1,0,0:0:0:0:
64,192,116437,1,0,0:0:0:0:
192,192,116531,1,0,0:0:0:0:
320,192,116625,1,8,0:0:0:0:
64,192,116625,1,8,0:0:0:0:
448,192,116625,1,0,0:0:0:0:
192,192,116812,1,0,0:0:0:0:
192,192,117000,1,0,0:0:0:0:
320,192,117000,1,0,0:0:0:0:
64,192,117187,1,8,0:0:0:0:
448,192,117187,1,8,0:0:0:0:
256,192,117375,1,0,0:0:0:0:
182,192,117468,1,0,0:0:0:0:
320,192,117562,1,0,0:0:0:0:
192,192,117656,1,0,0:0:0:0:
448,192,117750,1,8,0:0:0:0:
64,192,117750,1,8,0:0:0:0:
256,192,117843,1,0,0:0:0:0:
192,192,117937,1,0,0:0:0:0:
36,192,118031,1,0,0:0:0:0:
448,192,118125,1,0,0:0:0:0:
192,192,118125,1,0,0:0:0:0:
448,192,118312,1,0,0:0:0:0:
192,192,118312,1,0,0:0:0:0:
192,192,118500,1,0,0:0:0:0:
402,192,118500,1,0,0:0:0:0:
320,192,118687,1,8,0:0:0:0:
64,192,118687,1,8,0:0:0:0:
182,192,118875,1,0,0:0:0:0:
448,192,118875,1,0,0:0:0:0:
448,192,119062,1,0,0:0:0:0:
192,192,119062,1,0,0:0:0:0:
64,192,119250,1,8,0:0:0:0:
320,192,119250,1,8,0:0:0:0:
182,192,119437,1,0,0:0:0:0:
448,192,119437,1,0,0:0:0:0:
256,192,119625,1,0,0:0:0:0:
64,192,119625,1,0,0:0:0:0:
64,192,119812,1,0,0:0:0:0:
320,192,119812,1,0,0:0:0:0:
256,192,120000,1,0,0:0:0:0:
64,192,120000,1,0,0:0:0:0:
448,192,120187,1,8,0:0:0:0:
192,192,120187,1,8,0:0:0:0:
109,192,120375,1,0,0:0:0:0:
256,192,120375,1,0,0:0:0:0:
64,192,120562,1,0,0:0:0:0:
320,192,120562,1,0,0:0:0:0:
192,192,120750,1,8,0:0:0:0:
448,192,120750,1,8,0:0:0:0:
64,192,120937,1,0,0:0:0:0:
475,192,121125,1,0,0:0:0:0:
320,192,121218,1,0,0:0:0:0:
192,192,121312,1,0,0:0:0:0:
448,192,121406,1,0,0:0:0:0:
320,192,121500,1,0,0:0:0:0:
192,192,121593,1,0,0:0:0:0:
448,192,121687,1,0,0:0:0:0:
64,192,121687,1,0,0:0:0:0:
329,192,122062,1,0,0:0:0:0:
402,192,122062,1,0,0:0:0:0:
192,192,122250,1,0,0:0:0:0:
320,192,122250,1,0,0:0:0:0:
64,192,122437,1,0,0:0:0:0:
192,192,122437,1,0,0:0:0:0:
475,192,122625,1,14,0:0:0:0:
64,192,122625,1,14,0:0:0:0:
402,192,122812,1,0,0:0:0:0:
192,192,122812,1,0,0:0:0:0:
256,192,123000,1,0,0:0:0:0:
448,192,123000,1,0,0:0:0:0:
64,192,123187,1,14,0:0:0:0:
182,192,123187,1,14,0:0:0:0:
109,192,123375,1,0,0:0:0:0:
256,192,123375,1,0,0:0:0:0:
109,192,123562,1,0,0:0:0:0:
448,192,123562,1,0,0:0:0:0:
320,192,123750,1,14,0:0:0:0:
182,192,123750,1,14,0:0:0:0:
448,192,124125,1,0,0:0:0:0:
109,192,124125,1,0,0:0:0:0:
402,192,124687,1,14,0:0:0:0:
182,192,124687,1,14,0:0:0:0:
64,192,124687,1,0,0:0:0:0:
36,192,125250,1,14,0:0:0:0:
475,192,125250,1,14,0:0:0:0:
192,192,125250,1,0,0:0:0:0:
192,192,125625,1,0,0:0:0:0:
320,192,125625,1,0,0:0:0:0:
109,192,126187,1,14,0:0:0:0:
448,192,126187,1,14,0:0:0:0:
320,192,126187,1,0,0:0:0:0:
448,192,126750,1,14,0:0:0:0:
320,192,126750,1,14,0:0:0:0:
64,192,126750,1,0,0:0:0:0:
329,192,127125,1,0,0:0:0:0:
182,192,127125,1,0,0:0:0:0:
402,192,127500,1,0,0:0:0:0:
109,192,127500,1,0,0:0:0:0:
329,192,127687,1,14,0:0:0:0:
192,192,127687,1,14,0:0:0:0:
109,192,128250,1,0,0:0:0:0:
402,192,128625,1,12,0:0:0:0:
256,192,128625,1,12,0:0:0:0:
320,192,129000,1,12,0:0:0:0:
64,192,129000,1,12,0:0:0:0:
448,192,129187,1,12,0:0:0:0:
192,192,129187,1,12,0:0:0:0:
182,192,130125,1,12,0:0:0:0:
256,192,130125,1,12,0:0:0:0:
64,192,130125,1,0,0:0:0:0:
192,192,130687,1,12,0:0:0:0:
448,192,130687,1,12,0:0:0:0:
64,192,130687,1,0,0:0:0:0:
329,192,131250,1,12,0:0:0:0:
192,192,131250,1,12,0:0:0:0:
448,192,131250,1,0,0:0:0:0:
109,192,131625,1,0,0:0:0:0:
182,192,131812,1,0,0:0:0:0:
320,192,132000,1,0,0:0:0:0:
448,192,132187,1,0,0:0:0:0:
109,192,132375,1,0,0:0:0:0:
256,192,132375,1,0,0:0:0:0:
448,192,132562,1,0,0:0:0:0:
320,192,132750,1,0,0:0:0:0:
192,192,132937,1,0,0:0:0:0:
320,192,133125,1,14,0:0:0:0:
36,192,133125,1,14,0:0:0:0:
448,192,133125,1,0,0:0:0:0:
109,192,133687,1,14,0:0:0:0:
402,192,133687,1,14,0:0:0:0:
192,192,133687,1,0,0:0:0:0:
329,192,134250,1,14,0:0:0:0:
192,192,134250,128,14,136125:0:0:0:0:
256,192,135750,128,0,136125:0:0:0:0:
475,192,136125,1,0,0:0:0:0:
36,192,136125,1,0,0:0:0:0:
448,192,136687,1,0,0:0:0:0:
192,192,136687,1,0,0:0:0:0:
448,192,137062,1,0,0:0:0:0:
64,192,137250,1,0,0:0:0:0:
192,192,137250,1,0,0:0:0:0:
109,192,137625,1,0,0:0:0:0:
182,192,137812,1,0,0:0:0:0:
256,192,138000,1,0,0:0:0:0:
64,192,138312,1,0,0:0:0:0:
192,192,138375,1,0,0:0:0:0:
448,192,138562,1,0,0:0:0:0:
320,192,138656,1,0,0:0:0:0:
192,192,138750,1,0,0:0:0:0:
64,192,138750,1,0,0:0:0:0:
109,192,139125,1,0,0:0:0:0:
320,192,139125,1,0,0:0:0:0:
256,192,139500,1,0,0:0:0:0:
192,192,139687,1,0,0:0:0:0:
402,192,139687,1,0,0:0:0:0:
320,192,139875,1,0,0:0:0:0:
64,192,140062,1,0,0:0:0:0:
192,192,140125,1,0,0:0:0:0:
320,192,140187,1,0,0:0:0:0:
448,192,140250,128,0,141750:0:0:0:0:
