osu file format v14

[General]
AudioFilename: M2U - Nightmare.mp3
AudioLeadIn: 0
PreviewTime: -1
Countdown: 0
SampleSet: None
StackLeniency: 0.7
Mode: 3
LetterboxInBreaks: 0
SpecialStyle: 0
WidescreenStoryboard: 1

[Editor]
Bookmarks: 6363,26574,42758,97311
DistanceSpacing: 0.8
BeatDivisor: 4
GridSize: 8
TimelineZoom: 2

[Metadata]
Title:Nightmare
TitleUnicode:Nightmare
Artist:M2U
ArtistUnicode:M2U
Creator:biemote
Version:4K MX
Source:DJMAX
Tags:
BeatmapID:757072
BeatmapSetID:342507

[Difficulty]
HPDrainRate:5
CircleSize:4
OverallDifficulty:5
ApproachRate:5
SliderMultiplier:1.4
SliderTickRate:1

[Events]
//Background and Video events
0,0,"BG.jpg",0,0
Video,189,"Nightmare.mp4"
//Break Periods
//Storyboard Layer 0 (Background)
//Storyboard Layer 1 (Fail)
//Storyboard Layer 2 (Pass)
//Storyboard Layer 3 (Foreground)
//Storyboard Sound Samples

[TimingPoints]
48,315.789473684211,4,2,0,5,1,0
46784,-100,4,2,0,5,0,1
66995,-100,4,2,0,5,0,0
87205,-100,4,2,0,5,0,1
107416,-100,4,2,0,5,0,0


[HitObjects]
64,192,6363,5,0,0:0:0:0:
448,192,6363,1,0,0:0:0:0:
192,192,6363,1,0,0:0:0:0:
320,192,6837,1,0,0:0:0:0:
64,192,7311,1,0,0:0:0:0:
448,192,7311,1,0,0:0:0:0:
320,192,7784,1,0,0:0:0:0:
64,192,8100,1,0,0:0:0:0:
64,192,8890,1,0,0:0:0:0:
320,192,8890,1,0,0:0:0:0:
448,192,9048,1,0,0:0:0:0:
320,192,9363,1,0,0:0:0:0:
192,192,9679,1,0,0:0:0:0:
64,192,9837,1,0,0:0:0:0:
448,192,9995,1,0,0:0:0:0:
192,192,11416,1,0,0:0:0:0:
448,192,11416,1,0,0:0:0:0:
64,192,11890,1,0,0:0:0:0:
448,192,12205,1,0,0:0:0:0:
64,192,12363,1,0,0:0:0:0:
320,192,12521,1,0,0:0:0:0:
448,192,13153,1,0,0:0:0:0:
320,192,13469,1,0,0:0:0:0:
192,192,13784,1,0,0:0:0:0:
64,192,13942,1,0,0:0:0:0:
448,192,14100,1,0,0:0:0:0:
192,192,14258,1,0,0:0:0:0:
64,192,14416,1,0,0:0:0:0:
320,192,14416,1,0,0:0:0:0:
448,192,14574,1,0,0:0:0:0:
64,192,14732,1,0,0:0:0:0:
64,192,14890,1,0,0:0:0:0:
320,192,14890,1,0,0:0:0:0:
64,192,15363,1,0,0:0:0:0:
320,192,15363,1,0,0:0:0:0:
448,192,15521,1,0,0:0:0:0:
192,192,15521,1,0,0:0:0:0:
320,192,15837,1,0,0:0:0:0:
64,192,15995,1,0,0:0:0:0:
192,192,16311,1,0,0:0:0:0:
64,192,16469,1,0,0:0:0:0:
320,192,16469,1,0,0:0:0:0:
448,192,16469,1,0,0:0:0:0:
64,192,16942,1,0,0:0:0:0:
320,192,16942,1,0,0:0:0:0:
448,192,17100,1,0,0:0:0:0:
192,192,17258,1,0,0:0:0:0:
64,192,17416,1,0,0:0:0:0:
448,192,17416,1,0,0:0:0:0:
64,192,17890,1,0,0:0:0:0:
320,192,17890,1,0,0:0:0:0:
64,192,18048,1,0,0:0:0:0:
448,192,18048,1,0,0:0:0:0:
192,192,18205,1,0,0:0:0:0:
448,192,18363,1,0,0:0:0:0:
64,192,18521,1,0,0:0:0:0:
192,192,18837,1,0,0:0:0:0:
64,192,18995,1,0,0:0:0:0:
448,192,18995,1,0,0:0:0:0:
192,192,19153,1,0,0:0:0:0:
320,192,19311,1,0,0:0:0:0:
448,192,19469,1,0,0:0:0:0:
64,192,19469,1,0,0:0:0:0:
320,192,19626,1,0,0:0:0:0:
448,192,19784,1,0,0:0:0:0:
192,192,19784,1,0,0:0:0:0:
64,192,19942,1,0,0:0:0:0:
320,192,20416,1,0,0:0:0:0:
64,192,20574,1,0,0:0:0:0:
448,192,20890,1,0,0:0:0:0:
192,192,21048,1,0,0:0:0:0:
320,192,21363,1,0,0:0:0:0:
64,192,21521,1,0,0:0:0:0:
448,192,21521,1,0,0:0:0:0:
64,192,21995,1,0,0:0:0:0:
320,192,21995,1,0,0:0:0:0:
448,192,22153,1,0,0:0:0:0:
64,192,22311,1,0,0:0:0:0:
320,192,22311,1,0,0:0:0:0:
192,192,22469,1,0,0:0:0:0:
448,192,22626,1,0,0:0:0:0:
64,192,22942,1,0,0:0:0:0:
64,192,23100,1,0,0:0:0:0:
448,192,23258,1,0,0:0:0:0:
192,192,23416,1,0,0:0:0:0:
64,192,23574,1,0,0:0:0:0:
320,192,23574,1,0,0:0:0:0:
64,192,23890,1,0,0:0:0:0:
448,192,23890,1,0,0:0:0:0:
64,192,24048,1,0,0:0:0:0:
320,192,24048,1,0,0:0:0:0:
448,192,24205,1,0,0:0:0:0:
192,192,24363,1,0,0:0:0:0:
64,192,24521,1,0,0:0:0:0:
320,192,24521,1,0,0:0:0:0:
448,192,24679,1,0,0:0:0:0:
192,192,24837,1,0,0:0:0:0:
192,192,24995,1,0,0:0:0:0:
448,192,24995,1,0,0:0:0:0:
64,192,25469,1,0,0:0:0:0:
448,192,25469,1,0,0:0:0:0:
64,192,25626,1,0,0:0:0:0:
192,192,25784,1,0,0:0:0:0:
448,192,25942,1,0,0:0:0:0:
320,192,26100,1,0,0:0:0:0:
64,192,26100,1,0,0:0:0:0:
192,192,26416,1,0,0:0:0:0:
64,192,26574,1,0,0:0:0:0:
320,192,26574,1,0,0:0:0:0:
448,192,26574,1,0,0:0:0:0:
320,192,27048,1,0,0:0:0:0:
64,192,27048,1,0,0:0:0:0:
448,192,27205,1,0,0:0:0:0:
64,192,27363,1,0,0:0:0:0:
192,192,27363,1,0,0:0:0:0:
320,192,27442,1,0,0:0:0:0:
64,192,27521,1,0,0:0:0:0:
448,192,27521,1,0,0:0:0:0:
320,192,27679,1,0,0:0:0:0:
192,192,27837,1,0,0:0:0:0:
64,192,27995,1,0,0:0:0:0:
64,192,28153,1,0,0:0:0:0:
448,192,28469,1,0,0:0:0:0:
64,192,28626,1,0,0:0:0:0:
192,192,28784,1,0,0:0:0:0:
64,192,28942,1,0,0:0:0:0:
320,192,28942,1,0,0:0:0:0:
448,192,29100,1,0,0:0:0:0:
192,192,29100,1,0,0:0:0:0:
64,192,29574,1,0,0:0:0:0:
448,192,29732,1,0,0:0:0:0:
192,192,29890,1,0,0:0:0:0:
192,192,30048,1,0,0:0:0:0:
64,192,30521,1,0,0:0:0:0:
448,192,30521,1,0,0:0:0:0:
64,192,30679,1,0,0:0:0:0:
320,192,30679,1,0,0:0:0:0:
192,192,30837,1,0,0:0:0:0:
64,192,30995,1,0,0:0:0:0:
320,192,30995,1,0,0:0:0:0:
192,192,31153,1,0,0:0:0:0:
448,192,31153,1,0,0:0:0:0:
320,192,31311,1,0,0:0:0:0:
448,192,31469,1,0,0:0:0:0:
192,192,31469,1,0,0:0:0:0:
64,192,31626,1,0,0:0:0:0:
448,192,31626,1,0,0:0:0:0:
64,192,32100,1,0,0:0:0:0:
192,192,32100,1,0,0:0:0:0:
320,192,32179,1,0,0:0:0:0:
448,192,32258,1,0,0:0:0:0:
192,192,32258,1,0,0:0:0:0:
64,192,32416,1,0,0:0:0:0:
320,192,32416,1,0,0:0:0:0:
64,192,32574,1,0,0:0:0:0:
192,192,32574,1,0,0:0:0:0:
448,192,32732,1,0,0:0:0:0:
320,192,32890,1,0,0:0:0:0:
64,192,33048,1,0,0:0:0:0:
64,192,33205,1,0,0:0:0:0:
448,192,33521,1,0,0:0:0:0:
64,192,33679,1,0,0:0:0:0:
320,192,33837,1,0,0:0:0:0:
64,192,33995,1,0,0:0:0:0:
448,192,33995,1,0,0:0:0:0:
320,192,34153,1,0,0:0:0:0:
64,192,34153,1,0,0:0:0:0:
192,192,34311,1,0,0:0:0:0:
448,192,34469,1,0,0:0:0:0:
64,192,34626,1,0,0:0:0:0:
320,192,34626,1,0,0:0:0:0:
192,192,34784,1,0,0:0:0:0:
448,192,34784,1,0,0:0:0:0:
64,192,34942,1,0,0:0:0:0:
320,192,34942,1,0,0:0:0:0:
64,192,35100,1,0,0:0:0:0:
320,192,35100,1,0,0:0:0:0:
448,192,35258,1,0,0:0:0:0:
192,192,35416,1,0,0:0:0:0:
64,192,35574,1,0,0:0:0:0:
320,192,35574,1,0,0:0:0:0:
64,192,35732,1,0,0:0:0:0:
448,192,35732,1,0,0:0:0:0:
320,192,35890,1,0,0:0:0:0:
448,192,36048,1,0,0:0:0:0:
192,192,36048,1,0,0:0:0:0:
64,192,36205,1,0,0:0:0:0:
320,192,36205,1,0,0:0:0:0:
192,192,36363,1,0,0:0:0:0:
448,192,36521,1,0,0:0:0:0:
64,192,36521,1,0,0:0:0:0:
64,192,36679,1,0,0:0:0:0:
320,192,36679,1,0,0:0:0:0:
64,192,37153,1,0,0:0:0:0:
192,192,37153,1,0,0:0:0:0:
320,192,37232,1,0,0:0:0:0:
448,192,37311,1,0,0:0:0:0:
192,192,37311,1,0,0:0:0:0:
64,192,37469,1,0,0:0:0:0:
320,192,37469,1,0,0:0:0:0:
64,192,37626,1,0,0:0:0:0:
192,192,37626,1,0,0:0:0:0:
448,192,37784,1,0,0:0:0:0:
320,192,37942,1,0,0:0:0:0:
64,192,38100,1,0,0:0:0:0:
64,192,38258,1,0,0:0:0:0:
192,192,38416,1,0,0:0:0:0:
448,192,38574,1,0,0:0:0:0:
64,192,38732,1,0,0:0:0:0:
320,192,38732,1,0,0:0:0:0:
448,192,38890,1,0,0:0:0:0:
320,192,39048,1,0,0:0:0:0:
64,192,39048,1,0,0:0:0:0:
448,192,39205,1,0,0:0:0:0:
64,192,39205,1,0,0:0:0:0:
64,192,39679,1,0,0:0:0:0:
320,192,39679,1,0,0:0:0:0:
192,192,39758,1,0,0:0:0:0:
448,192,39837,1,0,0:0:0:0:
64,192,39837,1,0,0:0:0:0:
448,192,39995,1,0,0:0:0:0:
192,192,39995,1,0,0:0:0:0:
64,192,40153,1,0,0:0:0:0:
320,192,40153,1,0,0:0:0:0:
448,192,40311,1,0,0:0:0:0:
192,192,40469,1,0,0:0:0:0:
320,192,40626,1,0,0:0:0:0:
64,192,40626,1,0,0:0:0:0:
448,192,40784,1,0,0:0:0:0:
192,192,40784,1,0,0:0:0:0:
320,192,40942,1,0,0:0:0:0:
448,192,41100,1,0,0:0:0:0:
192,192,41100,1,0,0:0:0:0:
64,192,41258,1,0,0:0:0:0:
320,192,41258,1,0,0:0:0:0:
448,192,41416,1,0,0:0:0:0:
448,192,41574,1,0,0:0:0:0:
192,192,41574,1,0,0:0:0:0:
64,192,41732,1,0,0:0:0:0:
320,192,41732,1,0,0:0:0:0:
192,192,42205,1,0,0:0:0:0:
448,192,42205,1,0,0:0:0:0:
64,192,42363,1,0,0:0:0:0:
320,192,42363,1,0,0:0:0:0:
448,192,42521,1,0,0:0:0:0:
192,192,42521,1,0,0:0:0:0:
320,192,42600,1,0,0:0:0:0:
192,192,42679,1,0,0:0:0:0:
64,192,42679,1,0,0:0:0:0:
320,192,42837,1,0,0:0:0:0:
192,192,42995,1,0,0:0:0:0:
64,192,43153,1,0,0:0:0:0:
320,192,43153,1,0,0:0:0:0:
192,192,43311,1,0,0:0:0:0:
448,192,43311,1,0,0:0:0:0:
320,192,43469,1,0,0:0:0:0:
448,192,43626,1,0,0:0:0:0:
192,192,43626,1,0,0:0:0:0:
64,192,43784,1,0,0:0:0:0:
320,192,43784,1,0,0:0:0:0:
192,192,43942,1,0,0:0:0:0:
64,192,44100,1,0,0:0:0:0:
448,192,44100,1,0,0:0:0:0:
64,192,44258,1,0,0:0:0:0:
320,192,44258,1,0,0:0:0:0:
192,192,44416,1,0,0:0:0:0:
448,192,44416,1,0,0:0:0:0:
320,192,44574,1,0,0:0:0:0:
448,192,44574,1,0,0:0:0:0:
192,192,44732,1,0,0:0:0:0:
320,192,44732,1,0,0:0:0:0:
64,192,44890,1,0,0:0:0:0:
448,192,44890,1,0,0:0:0:0:
64,192,45048,1,0,0:0:0:0:
320,192,45048,1,0,0:0:0:0:
64,192,45205,1,0,0:0:0:0:
192,192,45205,1,0,0:0:0:0:
320,192,45363,1,0,0:0:0:0:
448,192,45363,1,0,0:0:0:0:
64,192,45521,1,0,0:0:0:0:
320,192,45521,1,0,0:0:0:0:
192,192,45679,1,0,0:0:0:0:
448,192,45679,1,0,0:0:0:0:
64,192,45837,1,0,0:0:0:0:
320,192,45837,1,0,0:0:0:0:
192,192,45995,1,0,0:0:0:0:
448,192,45995,1,0,0:0:0:0:
320,192,46153,1,0,0:0:0:0:
448,192,46153,1,0,0:0:0:0:
192,192,46311,1,0,0:0:0:0:
320,192,46311,1,0,0:0:0:0:
64,192,46469,1,0,0:0:0:0:
192,192,46469,1,0,0:0:0:0:
192,192,46626,1,0,0:0:0:0:
320,192,46626,1,0,0:0:0:0:
64,192,46784,1,0,0:0:0:0:
448,192,46784,1,0,0:0:0:0:
64,192,46942,1,0,0:0:0:0:
320,192,46942,1,0,0:0:0:0:
192,192,47100,1,0,0:0:0:0:
448,192,47100,1,0,0:0:0:0:
64,192,47258,1,0,0:0:0:0:
320,192,47337,1,0,0:0:0:0:
64,192,47416,1,0,0:0:0:0:
320,192,47495,1,0,0:0:0:0:
64,192,47574,1,0,0:0:0:0:
192,192,47574,1,0,0:0:0:0:
448,192,47732,1,0,0:0:0:0:
320,192,47732,1,0,0:0:0:0:
448,192,47890,1,0,0:0:0:0:
192,192,47969,1,0,0:0:0:0:
64,192,48048,1,0,0:0:0:0:
320,192,48048,1,0,0:0:0:0:
192,192,48205,1,0,0:0:0:0:
64,192,48363,1,0,0:0:0:0:
448,192,48363,1,0,0:0:0:0:
192,192,48521,1,0,0:0:0:0:
320,192,48521,1,0,0:0:0:0:
192,192,48679,1,0,0:0:0:0:
64,192,48758,1,0,0:0:0:0:
320,192,48837,1,0,0:0:0:0:
448,192,48837,1,0,0:0:0:0:
192,192,48995,1,0,0:0:0:0:
448,192,49074,1,0,0:0:0:0:
192,192,49153,1,0,0:0:0:0:
448,192,49232,1,0,0:0:0:0:
64,192,49311,1,0,0:0:0:0:
320,192,49311,1,0,0:0:0:0:
64,192,49469,1,0,0:0:0:0:
320,192,49469,1,0,0:0:0:0:
192,192,49626,1,0,0:0:0:0:
448,192,49626,1,0,0:0:0:0:
64,192,49784,1,0,0:0:0:0:
320,192,49784,1,0,0:0:0:0:
192,192,49863,1,0,0:0:0:0:
320,192,49942,1,0,0:0:0:0:
448,192,49942,1,0,0:0:0:0:
192,192,50100,1,0,0:0:0:0:
448,192,50100,1,0,0:0:0:0:
320,192,50179,1,0,0:0:0:0:
64,192,50258,1,0,0:0:0:0:
192,192,50258,1,0,0:0:0:0:
320,192,50416,1,0,0:0:0:0:
448,192,50416,1,0,0:0:0:0:
64,192,50574,1,0,0:0:0:0:
192,192,50574,1,0,0:0:0:0:
320,192,50732,1,0,0:0:0:0:
192,192,50890,1,0,0:0:0:0:
448,192,50890,1,0,0:0:0:0:
64,192,51048,1,0,0:0:0:0:
320,192,51048,1,0,0:0:0:0:
320,192,51205,1,0,0:0:0:0:
192,192,51284,1,0,0:0:0:0:
64,192,51363,1,0,0:0:0:0:
448,192,51363,1,0,0:0:0:0:
64,192,51521,1,0,0:0:0:0:
320,192,51521,1,0,0:0:0:0:
192,192,51600,1,0,0:0:0:0:
448,192,51679,1,0,0:0:0:0:
320,192,51758,1,0,0:0:0:0:
64,192,51837,1,0,0:0:0:0:
192,192,51837,1,0,0:0:0:0:
64,192,51995,1,0,0:0:0:0:
448,192,51995,1,0,0:0:0:0:
320,192,52153,1,0,0:0:0:0:
448,192,52153,1,0,0:0:0:0:
192,192,52311,1,0,0:0:0:0:
448,192,52390,1,0,0:0:0:0:
192,192,52469,1,0,0:0:0:0:
448,192,52548,1,0,0:0:0:0:
64,192,52626,1,0,0:0:0:0:
320,192,52626,1,0,0:0:0:0:
192,192,52784,1,0,0:0:0:0:
448,192,52784,1,0,0:0:0:0:
320,192,52942,1,0,0:0:0:0:
448,192,53021,1,0,0:0:0:0:
64,192,53100,1,0,0:0:0:0:
192,192,53100,1,0,0:0:0:0:
320,192,53258,1,0,0:0:0:0:
192,192,53416,1,0,0:0:0:0:
448,192,53416,1,0,0:0:0:0:
64,192,53574,1,0,0:0:0:0:
320,192,53574,1,0,0:0:0:0:
192,192,53732,1,0,0:0:0:0:
64,192,53811,1,0,0:0:0:0:
320,192,53890,1,0,0:0:0:0:
448,192,53890,1,0,0:0:0:0:
192,192,54048,1,0,0:0:0:0:
448,192,54126,1,0,0:0:0:0:
192,192,54205,1,0,0:0:0:0:
448,192,54284,1,0,0:0:0:0:
64,192,54363,1,0,0:0:0:0:
320,192,54363,1,0,0:0:0:0:
64,192,54521,1,0,0:0:0:0:
448,192,54521,1,0,0:0:0:0:
192,192,54679,1,0,0:0:0:0:
448,192,54679,1,0,0:0:0:0:
64,192,54837,1,0,0:0:0:0:
64,192,55153,1,0,0:0:0:0:
192,192,55311,1,0,0:0:0:0:
448,192,55311,1,0,0:0:0:0:
192,192,55469,1,0,0:0:0:0:
448,192,55469,1,0,0:0:0:0:
64,192,55626,1,0,0:0:0:0:
320,192,55626,1,0,0:0:0:0:
192,192,55784,1,0,0:0:0:0:
448,192,55784,1,0,0:0:0:0:
448,192,55942,1,0,0:0:0:0:
320,192,55942,1,0,0:0:0:0:
64,192,56100,1,0,0:0:0:0:
192,192,56100,1,0,0:0:0:0:
320,192,56179,1,0,0:0:0:0:
192,192,56258,1,0,0:0:0:0:
448,192,56258,1,0,0:0:0:0:
64,192,56416,1,0,0:0:0:0:
320,192,56416,1,0,0:0:0:0:
64,192,56574,1,0,0:0:0:0:
192,192,56574,1,0,0:0:0:0:
320,192,56653,1,0,0:0:0:0:
448,192,56732,1,0,0:0:0:0:
192,192,56732,1,0,0:0:0:0:
64,192,56890,1,0,0:0:0:0:
320,192,56890,1,0,0:0:0:0:
64,192,57048,1,0,0:0:0:0:
448,192,57048,1,0,0:0:0:0:
192,192,57205,1,0,0:0:0:0:
448,192,57205,1,0,0:0:0:0:
64,192,57363,1,0,0:0:0:0:
320,192,57442,1,0,0:0:0:0:
64,192,57521,1,0,0:0:0:0:
320,192,57600,1,0,0:0:0:0:
64,192,57679,1,0,0:0:0:0:
448,192,57679,1,0,0:0:0:0:
192,192,57837,1,0,0:0:0:0:
448,192,57837,1,0,0:0:0:0:
320,192,57995,1,0,0:0:0:0:
448,192,58074,1,0,0:0:0:0:
64,192,58153,1,0,0:0:0:0:
192,192,58153,1,0,0:0:0:0:
320,192,58311,1,0,0:0:0:0:
192,192,58469,1,0,0:0:0:0:
448,192,58469,1,0,0:0:0:0:
64,192,58626,1,0,0:0:0:0:
320,192,58626,1,0,0:0:0:0:
192,192,58784,1,0,0:0:0:0:
320,192,58863,1,0,0:0:0:0:
64,192,58942,1,0,0:0:0:0:
448,192,58942,1,0,0:0:0:0:
192,192,59100,1,0,0:0:0:0:
448,192,59179,1,0,0:0:0:0:
192,192,59258,1,0,0:0:0:0:
448,192,59337,1,0,0:0:0:0:
64,192,59416,1,0,0:0:0:0:
192,192,59416,1,0,0:0:0:0:
64,192,59574,1,0,0:0:0:0:
320,192,59574,1,0,0:0:0:0:
192,192,59732,1,0,0:0:0:0:
448,192,59732,1,0,0:0:0:0:
64,192,59890,1,0,0:0:0:0:
320,192,59890,1,0,0:0:0:0:
192,192,59969,1,0,0:0:0:0:
448,192,60048,1,0,0:0:0:0:
320,192,60048,1,0,0:0:0:0:
64,192,60205,1,0,0:0:0:0:
192,192,60284,1,0,0:0:0:0:
320,192,60363,1,0,0:0:0:0:
192,192,60521,1,0,0:0:0:0:
448,192,60521,1,0,0:0:0:0:
64,192,60679,1,0,0:0:0:0:
320,192,60679,1,0,0:0:0:0:
192,192,60837,1,0,0:0:0:0:
320,192,60995,1,0,0:0:0:0:
448,192,60995,1,0,0:0:0:0:
64,192,61153,1,0,0:0:0:0:
192,192,61153,1,0,0:0:0:0:
320,192,61311,1,0,0:0:0:0:
192,192,61390,1,0,0:0:0:0:
64,192,61469,1,0,0:0:0:0:
448,192,61469,1,0,0:0:0:0:
64,192,61626,1,0,0:0:0:0:
320,192,61626,1,0,0:0:0:0:
448,192,61705,1,0,0:0:0:0:
192,192,61784,1,0,0:0:0:0:
320,192,61863,1,0,0:0:0:0:
64,192,61942,1,0,0:0:0:0:
192,192,61942,1,0,0:0:0:0:
64,192,62100,1,0,0:0:0:0:
320,192,62100,1,0,0:0:0:0:
192,192,62258,1,0,0:0:0:0:
448,192,62258,1,0,0:0:0:0:
320,192,62416,1,0,0:0:0:0:
448,192,62495,1,0,0:0:0:0:
64,192,62574,1,0,0:0:0:0:
192,192,62732,1,0,0:0:0:0:
320,192,62890,1,0,0:0:0:0:
448,192,62890,1,0,0:0:0:0:
192,192,63048,1,0,0:0:0:0:
448,192,63126,1,0,0:0:0:0:
64,192,63205,1,0,0:0:0:0:
320,192,63205,1,0,0:0:0:0:
192,192,63363,1,0,0:0:0:0:
320,192,63521,1,0,0:0:0:0:
448,192,63521,1,0,0:0:0:0:
64,192,63679,1,0,0:0:0:0:
192,192,63679,1,0,0:0:0:0:
192,192,63837,1,0,0:0:0:0:
320,192,63916,1,0,0:0:0:0:
64,192,63995,1,0,0:0:0:0:
448,192,63995,1,0,0:0:0:0:
192,192,64153,1,0,0:0:0:0:
448,192,64232,1,0,0:0:0:0:
192,192,64311,1,0,0:0:0:0:
448,192,64390,1,0,0:0:0:0:
64,192,64469,1,0,0:0:0:0:
320,192,64469,1,0,0:0:0:0:
64,192,64626,1,0,0:0:0:0:
320,192,64626,1,0,0:0:0:0:
192,192,64784,1,0,0:0:0:0:
448,192,64784,1,0,0:0:0:0:
64,192,64942,1,0,0:0:0:0:
448,192,64942,1,0,0:0:0:0:
320,192,65021,1,0,0:0:0:0:
192,192,65100,1,0,0:0:0:0:
320,192,65179,1,0,0:0:0:0:
64,192,65258,1,0,0:0:0:0:
448,192,65258,1,0,0:0:0:0:
192,192,65416,1,0,0:0:0:0:
448,192,65416,1,0,0:0:0:0:
64,192,65574,1,0,0:0:0:0:
64,192,65732,1,0,0:0:0:0:
320,192,65732,1,0,0:0:0:0:
448,192,65890,1,0,0:0:0:0:
192,192,66048,1,0,0:0:0:0:
448,192,66048,1,0,0:0:0:0:
64,192,66205,1,0,0:0:0:0:
320,192,66284,1,0,0:0:0:0:
448,192,66363,1,0,0:0:0:0:
192,192,66363,1,0,0:0:0:0:
448,192,66442,1,0,0:0:0:0:
192,192,66442,1,0,0:0:0:0:
448,192,66521,1,0,0:0:0:0:
192,192,66521,1,0,0:0:0:0:
64,192,66679,1,0,0:0:0:0:
320,192,66679,1,0,0:0:0:0:
192,192,66758,1,0,0:0:0:0:
320,192,66837,1,0,0:0:0:0:
448,192,66837,1,0,0:0:0:0:
64,192,66995,1,0,0:0:0:0:
448,192,66995,1,0,0:0:0:0:
192,192,67153,1,0,0:0:0:0:
448,192,67311,1,0,0:0:0:0:
64,192,67469,1,0,0:0:0:0:
192,192,67626,1,0,0:0:0:0:
448,192,67784,1,0,0:0:0:0:
64,192,67942,1,0,0:0:0:0:
320,192,67942,1,0,0:0:0:0:
192,192,68100,1,0,0:0:0:0:
448,192,68258,1,0,0:0:0:0:
64,192,68416,1,0,0:0:0:0:
192,192,68574,1,0,0:0:0:0:
448,192,68732,1,0,0:0:0:0:
64,192,68890,1,0,0:0:0:0:
448,192,69048,1,0,0:0:0:0:
320,192,69205,1,0,0:0:0:0:
192,192,69363,1,0,0:0:0:0:
64,192,69521,1,0,0:0:0:0:
448,192,69521,1,0,0:0:0:0:
320,192,69679,1,0,0:0:0:0:
448,192,69837,1,0,0:0:0:0:
64,192,69995,1,0,0:0:0:0:
320,192,70153,1,0,0:0:0:0:
448,192,70311,1,0,0:0:0:0:
64,192,70469,1,0,0:0:0:0:
320,192,70469,1,0,0:0:0:0:
192,192,70626,1,0,0:0:0:0:
448,192,70784,1,0,0:0:0:0:
192,192,70942,1,0,0:0:0:0:
64,192,71100,1,0,0:0:0:0:
320,192,71258,1,0,0:0:0:0:
448,192,71416,1,0,0:0:0:0:
192,192,71574,1,0,0:0:0:0:
64,192,71732,1,0,0:0:0:0:
320,192,71890,1,0,0:0:0:0:
64,192,72048,1,0,0:0:0:0:
448,192,72048,1,0,0:0:0:0:
192,192,72205,1,0,0:0:0:0:
448,192,72363,1,0,0:0:0:0:
64,192,72521,1,0,0:0:0:0:
192,192,72679,1,0,0:0:0:0:
448,192,72837,1,0,0:0:0:0:
64,192,72995,1,0,0:0:0:0:
320,192,72995,1,0,0:0:0:0:
448,192,73153,1,0,0:0:0:0:
192,192,73311,1,0,0:0:0:0:
448,192,73469,1,0,0:0:0:0:
320,192,73626,1,0,0:0:0:0:
64,192,73784,1,0,0:0:0:0:
448,192,73942,1,0,0:0:0:0:
320,192,74100,1,0,0:0:0:0:
192,192,74258,1,0,0:0:0:0:
64,192,74416,1,0,0:0:0:0:
192,192,74574,1,0,0:0:0:0:
448,192,74574,1,0,0:0:0:0:
320,192,74732,1,0,0:0:0:0:
64,192,74890,1,0,0:0:0:0:
192,192,75048,1,0,0:0:0:0:
448,192,75205,1,0,0:0:0:0:
320,192,75363,1,0,0:0:0:0:
192,192,75521,1,0,0:0:0:0:
448,192,75521,1,0,0:0:0:0:
64,192,75679,1,0,0:0:0:0:
448,192,75837,1,0,0:0:0:0:
192,192,75995,1,0,0:0:0:0:
64,192,76153,1,0,0:0:0:0:
320,192,76311,1,0,0:0:0:0:
448,192,76469,1,0,0:0:0:0:
192,192,76626,1,0,0:0:0:0:
64,192,76784,1,0,0:0:0:0:
320,192,76942,1,0,0:0:0:0:
192,192,76942,1,0,0:0:0:0:
64,192,77100,1,0,0:0:0:0:
448,192,77100,1,0,0:0:0:0:
192,192,77258,1,0,0:0:0:0:
320,192,77416,1,0,0:0:0:0:
64,192,77574,1,0,0:0:0:0:
448,192,77574,1,0,0:0:0:0:
192,192,77732,1,0,0:0:0:0:
320,192,77732,1,0,0:0:0:0:
64,192,77890,1,0,0:0:0:0:
448,192,77890,1,0,0:0:0:0:
64,192,78048,1,0,0:0:0:0:
320,192,78048,1,0,0:0:0:0:
192,192,78205,1,0,0:0:0:0:
320,192,78363,1,0,0:0:0:0:
64,192,78521,1,0,0:0:0:0:
448,192,78521,1,0,0:0:0:0:
64,192,78679,1,0,0:0:0:0:
320,192,78679,1,0,0:0:0:0:
192,192,78837,1,0,0:0:0:0:
448,192,78995,1,0,0:0:0:0:
64,192,78995,1,0,0:0:0:0:
64,192,79153,1,0,0:0:0:0:
320,192,79153,1,0,0:0:0:0:
192,192,79311,1,0,0:0:0:0:
64,192,79469,1,0,0:0:0:0:
320,192,79469,1,0,0:0:0:0:
64,192,79626,1,0,0:0:0:0:
448,192,79626,1,0,0:0:0:0:
320,192,79784,1,0,0:0:0:0:
192,192,79942,1,0,0:0:0:0:
64,192,80100,1,0,0:0:0:0:
448,192,80100,1,0,0:0:0:0:
192,192,80258,1,0,0:0:0:0:
320,192,80258,1,0,0:0:0:0:
64,192,80416,1,0,0:0:0:0:
448,192,80416,1,0,0:0:0:0:
64,192,80574,1,0,0:0:0:0:
320,192,80574,1,0,0:0:0:0:
192,192,80732,1,0,0:0:0:0:
320,192,80890,1,0,0:0:0:0:
64,192,81048,1,0,0:0:0:0:
448,192,81048,1,0,0:0:0:0:
64,192,81205,1,0,0:0:0:0:
320,192,81205,1,0,0:0:0:0:
192,192,81363,1,0,0:0:0:0:
448,192,81521,1,0,0:0:0:0:
320,192,81521,1,0,0:0:0:0:
64,192,81679,1,0,0:0:0:0:
192,192,81679,1,0,0:0:0:0:
320,192,81837,1,0,0:0:0:0:
64,192,81995,1,0,0:0:0:0:
448,192,81995,1,0,0:0:0:0:
64,192,82153,1,0,0:0:0:0:
320,192,82153,1,0,0:0:0:0:
192,192,82311,1,0,0:0:0:0:
448,192,82469,1,0,0:0:0:0:
64,192,82626,1,0,0:0:0:0:
320,192,82626,1,0,0:0:0:0:
192,192,82784,1,0,0:0:0:0:
448,192,82784,1,0,0:0:0:0:
64,192,82942,1,0,0:0:0:0:
320,192,82942,1,0,0:0:0:0:
64,192,83100,1,0,0:0:0:0:
448,192,83100,1,0,0:0:0:0:
192,192,83258,1,0,0:0:0:0:
320,192,83416,1,0,0:0:0:0:
64,192,83574,1,0,0:0:0:0:
448,192,83574,1,0,0:0:0:0:
64,192,83732,1,0,0:0:0:0:
320,192,83732,1,0,0:0:0:0:
192,192,83890,1,0,0:0:0:0:
448,192,84048,1,0,0:0:0:0:
320,192,84048,1,0,0:0:0:0:
64,192,84205,1,0,0:0:0:0:
192,192,84205,1,0,0:0:0:0:
320,192,84363,1,0,0:0:0:0:
192,192,84521,1,0,0:0:0:0:
448,192,84521,1,0,0:0:0:0:
64,192,84679,1,0,0:0:0:0:
320,192,84679,1,0,0:0:0:0:
448,192,84837,1,0,0:0:0:0:
192,192,84995,1,0,0:0:0:0:
64,192,85153,1,0,0:0:0:0:
320,192,85153,1,0,0:0:0:0:
192,192,85311,1,0,0:0:0:0:
448,192,85311,1,0,0:0:0:0:
64,192,85469,1,0,0:0:0:0:
320,192,85469,1,0,0:0:0:0:
64,192,85626,1,0,0:0:0:0:
192,192,85626,1,0,0:0:0:0:
448,192,85784,1,0,0:0:0:0:
320,192,85942,1,0,0:0:0:0:
448,192,86100,1,0,0:0:0:0:
192,192,86100,1,0,0:0:0:0:
64,192,86258,1,0,0:0:0:0:
320,192,86258,1,0,0:0:0:0:
64,192,86416,1,0,0:0:0:0:
192,192,86574,1,0,0:0:0:0:
448,192,86574,1,0,0:0:0:0:
64,192,86732,1,0,0:0:0:0:
320,192,86732,1,0,0:0:0:0:
448,192,86890,1,0,0:0:0:0:
64,192,87048,1,0,0:0:0:0:
320,192,87048,1,0,0:0:0:0:
64,192,87205,1,0,0:0:0:0:
448,192,87205,1,0,0:0:0:0:
320,192,87284,1,0,0:0:0:0:
192,192,87363,1,0,0:0:0:0:
64,192,87442,1,0,0:0:0:0:
448,192,87521,1,0,0:0:0:0:
192,192,87521,1,0,0:0:0:0:
64,192,87600,1,0,0:0:0:0:
320,192,87679,1,0,0:0:0:0:
192,192,87758,1,0,0:0:0:0:
448,192,87837,1,0,0:0:0:0:
64,192,87916,1,0,0:0:0:0:
320,192,87995,1,0,0:0:0:0:
192,192,88074,1,0,0:0:0:0:
448,192,88153,1,0,0:0:0:0:
64,192,88153,1,0,0:0:0:0:
320,192,88232,1,0,0:0:0:0:
192,192,88311,1,0,0:0:0:0:
448,192,88390,1,0,0:0:0:0:
64,192,88469,1,0,0:0:0:0:
320,192,88548,1,0,0:0:0:0:
448,192,88626,1,0,0:0:0:0:
64,192,88705,1,0,0:0:0:0:
448,192,88784,1,0,0:0:0:0:
192,192,88784,1,0,0:0:0:0:
320,192,88863,1,0,0:0:0:0:
64,192,88942,1,0,0:0:0:0:
320,192,89021,1,0,0:0:0:0:
448,192,89100,1,0,0:0:0:0:
192,192,89179,1,0,0:0:0:0:
448,192,89258,1,0,0:0:0:0:
64,192,89258,1,0,0:0:0:0:
320,192,89337,1,0,0:0:0:0:
192,192,89416,1,0,0:0:0:0:
448,192,89495,1,0,0:0:0:0:
320,192,89574,1,0,0:0:0:0:
64,192,89653,1,0,0:0:0:0:
192,192,89732,1,0,0:0:0:0:
320,192,89811,1,0,0:0:0:0:
448,192,89890,1,0,0:0:0:0:
64,192,89969,1,0,0:0:0:0:
448,192,90048,1,0,0:0:0:0:
192,192,90048,1,0,0:0:0:0:
320,192,90126,1,0,0:0:0:0:
64,192,90205,1,0,0:0:0:0:
192,192,90284,1,0,0:0:0:0:
448,192,90363,1,0,0:0:0:0:
64,192,90363,1,0,0:0:0:0:
320,192,90442,1,0,0:0:0:0:
192,192,90521,1,0,0:0:0:0:
64,192,90600,1,0,0:0:0:0:
320,192,90679,1,0,0:0:0:0:
64,192,90758,1,0,0:0:0:0:
448,192,90837,1,0,0:0:0:0:
192,192,90837,1,0,0:0:0:0:
320,192,90916,1,0,0:0:0:0:
448,192,90995,1,0,0:0:0:0:
192,192,91074,1,0,0:0:0:0:
64,192,91153,1,0,0:0:0:0:
320,192,91232,1,0,0:0:0:0:
448,192,91311,1,0,0:0:0:0:
192,192,91311,1,0,0:0:0:0:
64,192,91390,1,0,0:0:0:0:
320,192,91469,1,0,0:0:0:0:
448,192,91548,1,0,0:0:0:0:
192,192,91626,1,0,0:0:0:0:
64,192,91705,1,0,0:0:0:0:
448,192,91784,1,0,0:0:0:0:
320,192,91784,1,0,0:0:0:0:
192,192,91863,1,0,0:0:0:0:
64,192,91942,1,0,0:0:0:0:
320,192,92021,1,0,0:0:0:0:
448,192,92100,1,0,0:0:0:0:
192,192,92179,1,0,0:0:0:0:
448,192,92258,1,0,0:0:0:0:
320,192,92337,1,0,0:0:0:0:
64,192,92416,1,0,0:0:0:0:
192,192,92495,1,0,0:0:0:0:
448,192,92574,1,0,0:0:0:0:
64,192,92574,1,0,0:0:0:0:
320,192,92653,1,0,0:0:0:0:
192,192,92732,1,0,0:0:0:0:
64,192,92811,1,0,0:0:0:0:
448,192,92890,1,0,0:0:0:0:
320,192,92969,1,0,0:0:0:0:
192,192,93048,1,0,0:0:0:0:
64,192,93126,1,0,0:0:0:0:
448,192,93205,1,0,0:0:0:0:
192,192,93205,1,0,0:0:0:0:
320,192,93284,1,0,0:0:0:0:
64,192,93363,1,0,0:0:0:0:
448,192,93442,1,0,0:0:0:0:
320,192,93521,1,0,0:0:0:0:
192,192,93600,1,0,0:0:0:0:
64,192,93679,1,0,0:0:0:0:
320,192,93758,1,0,0:0:0:0:
448,192,93837,1,0,0:0:0:0:
192,192,93837,1,0,0:0:0:0:
64,192,93916,1,0,0:0:0:0:
320,192,93995,1,0,0:0:0:0:
448,192,94074,1,0,0:0:0:0:
192,192,94153,1,0,0:0:0:0:
320,192,94232,1,0,0:0:0:0:
448,192,94311,1,0,0:0:0:0:
64,192,94311,1,0,0:0:0:0:
192,192,94390,1,0,0:0:0:0:
320,192,94469,1,0,0:0:0:0:
448,192,94548,1,0,0:0:0:0:
192,192,94626,1,0,0:0:0:0:
64,192,94705,1,0,0:0:0:0:
448,192,94784,1,0,0:0:0:0:
192,192,94863,1,0,0:0:0:0:
320,192,94942,1,0,0:0:0:0:
64,192,95021,1,0,0:0:0:0:
448,192,95100,1,0,0:0:0:0:
192,192,95100,1,0,0:0:0:0:
320,192,95179,1,0,0:0:0:0:
448,192,95258,1,0,0:0:0:0:
64,192,95337,1,0,0:0:0:0:
192,192,95416,1,0,0:0:0:0:
448,192,95495,1,0,0:0:0:0:
320,192,95574,1,0,0:0:0:0:
64,192,95653,1,0,0:0:0:0:
448,192,95732,1,0,0:0:0:0:
192,192,95732,1,0,0:0:0:0:
320,192,95811,1,0,0:0:0:0:
64,192,95890,1,0,0:0:0:0:
448,192,95969,1,0,0:0:0:0:
320,192,96048,1,0,0:0:0:0:
192,192,96126,1,0,0:0:0:0:
448,192,96205,1,0,0:0:0:0:
64,192,96205,1,0,0:0:0:0:
192,192,96284,1,0,0:0:0:0:
448,192,96363,1,0,0:0:0:0:
320,192,96363,1,0,0:0:0:0:
64,192,96442,1,0,0:0:0:0:
192,192,96521,1,0,0:0:0:0:
320,192,96600,1,0,0:0:0:0:
448,192,96679,1,0,0:0:0:0:
64,192,96679,1,0,0:0:0:0:
192,192,96758,1,0,0:0:0:0:
448,192,96837,1,0,0:0:0:0:
320,192,96837,1,0,0:0:0:0:
64,192,96916,1,0,0:0:0:0:
192,192,96995,1,0,0:0:0:0:
320,192,97074,1,0,0:0:0:0:
448,192,97153,1,0,0:0:0:0:
64,192,97153,1,0,0:0:0:0:
192,192,97232,1,0,0:0:0:0:
448,192,97311,1,0,0:0:0:0:
320,192,97416,1,0,0:0:0:0:
64,192,97521,1,0,0:0:0:0:
448,192,97626,1,0,0:0:0:0:
192,192,97732,1,0,0:0:0:0:
64,192,97837,1,0,0:0:0:0:
192,192,97942,1,0,0:0:0:0:
448,192,98048,1,0,0:0:0:0:
192,192,98153,1,0,0:0:0:0:
320,192,98258,1,0,0:0:0:0:
64,192,98363,1,0,0:0:0:0:
320,192,98469,1,0,0:0:0:0:
448,192,98574,1,0,0:0:0:0:
320,192,98679,1,0,0:0:0:0:
192,192,98784,1,0,0:0:0:0:
320,192,98890,1,0,0:0:0:0:
192,192,98995,1,0,0:0:0:0:
64,192,99100,1,0,0:0:0:0:
320,192,99205,1,0,0:0:0:0:
448,192,99205,1,0,0:0:0:0:
64,192,99311,1,0,0:0:0:0:
192,192,99311,1,0,0:0:0:0:
320,192,99416,1,0,0:0:0:0:
448,192,99416,1,0,0:0:0:0:
64,192,99521,1,0,0:0:0:0:
192,192,99521,1,0,0:0:0:0:
320,192,99626,1,0,0:0:0:0:
448,192,99626,1,0,0:0:0:0:
64,192,99732,1,0,0:0:0:0:
192,192,99732,1,0,0:0:0:0:
448,192,99837,1,0,0:0:0:0:
192,192,99942,1,0,0:0:0:0:
448,192,100048,1,0,0:0:0:0:
64,192,100153,1,0,0:0:0:0:
320,192,100258,1,0,0:0:0:0:
64,192,100363,1,0,0:0:0:0:
448,192,100469,1,0,0:0:0:0:
448,192,100574,1,0,0:0:0:0:
192,192,100679,1,0,0:0:0:0:
320,192,100784,1,0,0:0:0:0:
320,192,100890,1,0,0:0:0:0:
64,192,100995,1,0,0:0:0:0:
320,192,101100,1,0,0:0:0:0:
448,192,101205,1,0,0:0:0:0:
192,192,101311,1,0,0:0:0:0:
64,192,101416,1,0,0:0:0:0:
320,192,101521,1,0,0:0:0:0:
448,192,101626,1,0,0:0:0:0:
64,192,101732,1,0,0:0:0:0:
192,192,101732,1,0,0:0:0:0:
320,192,101837,1,0,0:0:0:0:
448,192,101837,1,0,0:0:0:0:
64,192,101942,1,0,0:0:0:0:
192,192,101942,1,0,0:0:0:0:
320,192,102048,1,0,0:0:0:0:
448,192,102048,1,0,0:0:0:0:
64,192,102153,1,0,0:0:0:0:
192,192,102153,1,0,0:0:0:0:
320,192,102258,1,0,0:0:0:0:
448,192,102258,1,0,0:0:0:0:
64,192,102363,1,0,0:0:0:0:
64,192,102469,1,0,0:0:0:0:
320,192,102574,1,0,0:0:0:0:
192,192,102679,1,0,0:0:0:0:
192,192,102784,1,0,0:0:0:0:
448,192,102890,1,0,0:0:0:0:
320,192,102995,1,0,0:0:0:0:
320,192,103100,1,0,0:0:0:0:
64,192,103205,1,0,0:0:0:0:
448,192,103311,1,0,0:0:0:0:
448,192,103416,1,0,0:0:0:0:
192,192,103521,1,0,0:0:0:0:
448,192,103626,1,0,0:0:0:0:
320,192,103732,1,0,0:0:0:0:
64,192,103837,1,0,0:0:0:0:
448,192,103942,1,0,0:0:0:0:
192,192,104048,1,0,0:0:0:0:
64,192,104153,1,0,0:0:0:0:
320,192,104258,1,0,0:0:0:0:
448,192,104258,1,0,0:0:0:0:
64,192,104363,1,0,0:0:0:0:
192,192,104363,1,0,0:0:0:0:
320,192,104469,1,0,0:0:0:0:
448,192,104469,1,0,0:0:0:0:
64,192,104574,1,0,0:0:0:0:
192,192,104574,1,0,0:0:0:0:
320,192,104679,1,0,0:0:0:0:
448,192,104679,1,0,0:0:0:0:
64,192,104784,1,0,0:0:0:0:
192,192,104784,1,0,0:0:0:0:
448,192,104890,1,0,0:0:0:0:
192,192,104995,1,0,0:0:0:0:
448,192,105100,1,0,0:0:0:0:
64,192,105205,1,0,0:0:0:0:
320,192,105311,1,0,0:0:0:0:
64,192,105416,1,0,0:0:0:0:
192,192,105521,1,0,0:0:0:0:
448,192,105626,1,0,0:0:0:0:
192,192,105732,1,0,0:0:0:0:
320,192,105837,1,0,0:0:0:0:
64,192,105942,1,0,0:0:0:0:
320,192,106048,1,0,0:0:0:0:
448,192,106153,1,0,0:0:0:0:
448,192,106258,1,0,0:0:0:0:
448,192,106363,1,0,0:0:0:0:
64,192,106469,1,0,0:0:0:0:
192,192,106574,1,0,0:0:0:0:
320,192,106679,1,0,0:0:0:0:
192,192,106784,5,0,0:0:0:0:
448,192,106784,1,0,0:0:0:0:
64,192,106890,1,0,0:0:0:0:
320,192,106890,1,0,0:0:0:0:
192,192,106995,1,0,0:0:0:0:
448,192,106995,1,0,0:0:0:0:
64,192,107100,1,0,0:0:0:0:
320,192,107100,1,0,0:0:0:0:
448,192,107205,1,0,0:0:0:0:
192,192,107205,1,0,0:0:0:0:
64,192,107311,1,0,0:0:0:0:
320,192,107311,1,0,0:0:0:0:
192,192,107416,1,0,0:0:0:0:
448,192,107416,1,0,0:0:0:0:
320,192,107732,1,0,0:0:0:0:
320,192,108363,1,0,0:0:0:0:
320,192,108995,1,0,0:0:0:0:
320,192,109626,1,0,0:0:0:0:
320,192,110258,1,0,0:0:0:0:
320,192,110890,1,0,0:0:0:0:
320,192,111521,1,0,0:0:0:0:
320,192,112153,1,0,0:0:0:0:
320,192,112784,1,0,0:0:0:0:
320,192,113416,1,0,0:0:0:0:
320,192,114048,1,0,0:0:0:0:
320,192,114679,1,0,0:0:0:0:
320,192,115311,1,0,0:0:0:0:
320,192,115942,1,0,0:0:0:0:
320,192,116574,1,0,0:0:0:0:
320,192,117205,1,0,0:0:0:0:
64,192,117521,1,0,0:0:0:0:
