osu file format v14

[General]
AudioFilename: M2U - Nightmare.mp3
AudioLeadIn: 0
PreviewTime: -1
Countdown: 0
SampleSet: Soft
StackLeniency: 0.7
Mode: 3
LetterboxInBreaks: 0
SpecialStyle: 0
WidescreenStoryboard: 0

[Editor]
Bookmarks: 6363,97311
DistanceSpacing: 0.8
BeatDivisor: 3
GridSize: 8
TimelineZoom: 2

[Metadata]
Title:Nightmare
TitleUnicode:Nightmare
Artist:M2U
ArtistUnicode:M2U
Creator:biemote
Version:4K HD-
Source:DJMAX
Tags:
BeatmapID:757070
BeatmapSetID:342507

[Difficulty]
HPDrainRate:5
CircleSize:4
OverallDifficulty:5
ApproachRate:5
SliderMultiplier:1.4
SliderTickRate:1

[Events]
//Background and Video events
0,0,"BG.jpg",0,0
Video,189,"Nightmare.mp4"
//Break Periods
2,107616,116321
//Storyboard Layer 0 (Background)
//Storyboard Layer 1 (Fail)
//Storyboard Layer 2 (Pass)
//Storyboard Layer 3 (Foreground)
//Storyboard Sound Samples

[TimingPoints]
48,315.789473684211,4,2,0,5,1,0
46784,-100,4,2,0,5,0,1
66995,-100,4,2,0,5,0,0
87205,-100,4,2,0,5,0,1
107416,-100,4,2,0,5,0,0


[HitObjects]
64,192,6363,5,0,0:0:0:0:
448,192,6363,1,0,0:0:0:0:
320,192,6837,1,0,0:0:0:0:
192,192,7311,1,0,0:0:0:0:
448,192,7311,1,0,0:0:0:0:
192,192,7784,1,0,0:0:0:0:
448,192,7784,1,0,0:0:0:0:
64,192,7942,1,0,0:0:0:0:
320,192,8100,1,0,0:0:0:0:
192,192,8100,1,0,0:0:0:0:
64,192,8890,1,0,0:0:0:0:
320,192,8890,1,0,0:0:0:0:
192,192,9048,1,0,0:0:0:0:
448,192,9048,1,0,0:0:0:0:
64,192,9205,1,0,0:0:0:0:
448,192,9363,1,0,0:0:0:0:
320,192,9679,1,0,0:0:0:0:
64,192,9837,1,0,0:0:0:0:
192,192,9995,1,0,0:0:0:0:
448,192,9995,1,0,0:0:0:0:
320,192,10469,1,0,0:0:0:0:
64,192,10784,1,0,0:0:0:0:
64,192,11416,1,0,0:0:0:0:
448,192,11416,1,0,0:0:0:0:
320,192,11890,1,0,0:0:0:0:
448,192,12205,1,0,0:0:0:0:
64,192,12363,1,0,0:0:0:0:
192,192,12521,1,0,0:0:0:0:
64,192,12837,1,0,0:0:0:0:
448,192,13153,1,0,0:0:0:0:
192,192,13153,1,0,0:0:0:0:
64,192,13469,1,0,0:0:0:0:
64,192,13784,1,0,0:0:0:0:
320,192,13784,1,0,0:0:0:0:
192,192,13942,1,0,0:0:0:0:
448,192,13942,1,0,0:0:0:0:
320,192,14100,1,0,0:0:0:0:
192,192,14258,1,0,0:0:0:0:
64,192,14416,1,0,0:0:0:0:
320,192,14416,1,0,0:0:0:0:
448,192,14574,1,0,0:0:0:0:
192,192,14732,1,0,0:0:0:0:
64,192,14890,1,0,0:0:0:0:
448,192,14890,1,0,0:0:0:0:
320,192,15048,1,0,0:0:0:0:
192,192,15363,1,0,0:0:0:0:
448,192,15363,1,0,0:0:0:0:
64,192,15521,1,0,0:0:0:0:
320,192,15521,1,0,0:0:0:0:
192,192,15679,1,0,0:0:0:0:
448,192,15837,1,0,0:0:0:0:
64,192,15995,1,0,0:0:0:0:
192,192,16311,1,0,0:0:0:0:
64,192,16469,1,0,0:0:0:0:
448,192,16469,1,0,0:0:0:0:
448,192,16942,1,0,0:0:0:0:
64,192,16942,1,0,0:0:0:0:
320,192,17100,1,0,0:0:0:0:
192,192,17258,1,0,0:0:0:0:
64,192,17416,1,0,0:0:0:0:
448,192,17416,1,0,0:0:0:0:
64,192,17890,1,0,0:0:0:0:
320,192,17890,1,0,0:0:0:0:
192,192,18048,1,0,0:0:0:0:
448,192,18048,1,0,0:0:0:0:
64,192,18205,1,0,0:0:0:0:
320,192,18363,1,0,0:0:0:0:
448,192,18521,1,0,0:0:0:0:
192,192,18837,1,0,0:0:0:0:
64,192,18995,1,0,0:0:0:0:
448,192,18995,1,0,0:0:0:0:
192,192,19153,1,0,0:0:0:0:
320,192,19311,1,0,0:0:0:0:
64,192,19469,1,0,0:0:0:0:
448,192,19469,1,0,0:0:0:0:
320,192,19626,1,0,0:0:0:0:
192,192,19784,1,0,0:0:0:0:
448,192,19784,1,0,0:0:0:0:
64,192,19942,1,0,0:0:0:0:
320,192,19942,1,0,0:0:0:0:
192,192,20100,1,0,0:0:0:0:
320,192,20416,1,0,0:0:0:0:
64,192,20574,1,0,0:0:0:0:
448,192,20574,1,0,0:0:0:0:
448,192,20890,1,0,0:0:0:0:
192,192,20890,1,0,0:0:0:0:
64,192,21048,1,0,0:0:0:0:
320,192,21363,1,0,0:0:0:0:
64,192,21521,1,0,0:0:0:0:
448,192,21521,1,0,0:0:0:0:
64,192,21995,1,0,0:0:0:0:
320,192,21995,1,0,0:0:0:0:
448,192,22153,1,0,0:0:0:0:
192,192,22311,1,0,0:0:0:0:
320,192,22311,1,0,0:0:0:0:
64,192,22469,1,0,0:0:0:0:
448,192,22626,1,0,0:0:0:0:
64,192,22942,1,0,0:0:0:0:
320,192,22942,1,0,0:0:0:0:
192,192,23100,1,0,0:0:0:0:
448,192,23258,1,0,0:0:0:0:
320,192,23416,1,0,0:0:0:0:
192,192,23574,1,0,0:0:0:0:
64,192,23890,1,0,0:0:0:0:
320,192,23890,1,0,0:0:0:0:
192,192,24048,1,0,0:0:0:0:
448,192,24048,1,0,0:0:0:0:
320,192,24205,1,0,0:0:0:0:
192,192,24363,1,0,0:0:0:0:
320,192,24521,1,0,0:0:0:0:
64,192,24521,1,0,0:0:0:0:
448,192,24679,1,0,0:0:0:0:
64,192,24837,1,0,0:0:0:0:
192,192,24995,1,0,0:0:0:0:
448,192,24995,1,0,0:0:0:0:
192,192,25469,1,0,0:0:0:0:
448,192,25469,1,0,0:0:0:0:
64,192,25626,1,0,0:0:0:0:
448,192,25784,1,0,0:0:0:0:
320,192,25942,1,0,0:0:0:0:
64,192,26100,1,0,0:0:0:0:
192,192,26100,1,0,0:0:0:0:
320,192,26416,1,0,0:0:0:0:
64,192,26574,1,0,0:0:0:0:
448,192,26574,1,0,0:0:0:0:
192,192,27048,1,0,0:0:0:0:
448,192,27205,1,0,0:0:0:0:
64,192,27521,1,0,0:0:0:0:
448,192,27679,1,0,0:0:0:0:
192,192,27837,1,0,0:0:0:0:
448,192,28469,1,0,0:0:0:0:
64,192,28784,1,0,0:0:0:0:
192,192,28942,1,0,0:0:0:0:
320,192,29100,1,0,0:0:0:0:
448,192,29732,1,0,0:0:0:0:
320,192,30521,1,0,0:0:0:0:
64,192,30679,1,0,0:0:0:0:
320,192,30837,1,0,0:0:0:0:
448,192,30995,1,0,0:0:0:0:
64,192,30995,1,0,0:0:0:0:
192,192,31153,1,0,0:0:0:0:
320,192,31311,1,0,0:0:0:0:
448,192,31469,1,0,0:0:0:0:
64,192,31626,1,0,0:0:0:0:
320,192,32100,1,0,0:0:0:0:
64,192,32258,1,0,0:0:0:0:
448,192,32258,1,0,0:0:0:0:
192,192,32416,1,0,0:0:0:0:
320,192,32574,1,0,0:0:0:0:
64,192,32732,1,0,0:0:0:0:
448,192,32890,1,0,0:0:0:0:
64,192,33521,1,0,0:0:0:0:
448,192,33837,1,0,0:0:0:0:
192,192,33995,1,0,0:0:0:0:
64,192,34153,1,0,0:0:0:0:
320,192,34311,1,0,0:0:0:0:
192,192,34469,1,0,0:0:0:0:
448,192,34626,1,0,0:0:0:0:
64,192,34784,1,0,0:0:0:0:
320,192,34784,1,0,0:0:0:0:
192,192,34942,1,0,0:0:0:0:
448,192,35100,1,0,0:0:0:0:
64,192,35258,1,0,0:0:0:0:
192,192,35416,1,0,0:0:0:0:
448,192,35574,1,0,0:0:0:0:
64,192,35732,1,0,0:0:0:0:
320,192,35890,1,0,0:0:0:0:
64,192,36048,1,0,0:0:0:0:
448,192,36048,1,0,0:0:0:0:
192,192,36205,1,0,0:0:0:0:
320,192,36363,1,0,0:0:0:0:
448,192,36521,1,0,0:0:0:0:
64,192,36679,1,0,0:0:0:0:
320,192,37153,1,0,0:0:0:0:
448,192,37311,1,0,0:0:0:0:
64,192,37311,1,0,0:0:0:0:
192,192,37469,1,0,0:0:0:0:
320,192,37626,1,0,0:0:0:0:
448,192,37784,1,0,0:0:0:0:
64,192,37942,1,0,0:0:0:0:
192,192,38416,1,0,0:0:0:0:
448,192,38574,1,0,0:0:0:0:
320,192,38732,1,0,0:0:0:0:
192,192,38890,1,0,0:0:0:0:
64,192,39048,1,0,0:0:0:0:
448,192,39205,1,0,0:0:0:0:
192,192,39679,1,0,0:0:0:0:
64,192,39837,1,0,0:0:0:0:
448,192,39837,1,0,0:0:0:0:
320,192,39995,1,0,0:0:0:0:
192,192,40153,1,0,0:0:0:0:
448,192,40311,1,0,0:0:0:0:
64,192,40469,1,0,0:0:0:0:
192,192,40626,1,0,0:0:0:0:
320,192,40784,1,0,0:0:0:0:
448,192,40942,1,0,0:0:0:0:
64,192,41100,1,0,0:0:0:0:
320,192,41100,1,0,0:0:0:0:
192,192,41258,1,0,0:0:0:0:
448,192,41416,1,0,0:0:0:0:
320,192,41574,1,0,0:0:0:0:
64,192,41732,1,0,0:0:0:0:
320,192,42205,1,0,0:0:0:0:
64,192,42363,1,0,0:0:0:0:
448,192,42363,1,0,0:0:0:0:
192,192,42521,1,0,0:0:0:0:
320,192,42679,1,0,0:0:0:0:
448,192,42837,1,0,0:0:0:0:
64,192,42995,1,0,0:0:0:0:
320,192,43153,1,0,0:0:0:0:
192,192,43311,1,0,0:0:0:0:
448,192,43469,1,0,0:0:0:0:
64,192,43626,1,0,0:0:0:0:
320,192,43626,1,0,0:0:0:0:
192,192,43784,1,0,0:0:0:0:
320,192,43942,1,0,0:0:0:0:
448,192,44100,1,0,0:0:0:0:
64,192,44258,128,0,44337:0:0:0:0:
320,192,44416,128,0,44495:0:0:0:0:
192,192,44574,128,0,44653:0:0:0:0:
448,192,44732,128,0,44811:0:0:0:0:
64,192,44890,128,0,44969:0:0:0:0:
320,192,45048,128,0,45126:0:0:0:0:
192,192,45205,128,0,45284:0:0:0:0:
448,192,45363,128,0,45442:0:0:0:0:
64,192,45521,128,0,45600:0:0:0:0:
320,192,45679,128,0,45758:0:0:0:0:
192,192,45837,128,0,45916:0:0:0:0:
448,192,45995,128,0,46074:0:0:0:0:
64,192,46153,128,0,46232:0:0:0:0:
320,192,46311,128,0,46390:0:0:0:0:
192,192,46469,128,0,46548:0:0:0:0:
448,192,46626,128,0,46705:0:0:0:0:
64,192,46784,128,0,47890:0:0:0:0:
448,192,47100,1,0,0:0:0:0:
448,192,47732,1,0,0:0:0:0:
320,192,48048,128,0,48205:0:0:0:0:
448,192,48363,128,0,48521:0:0:0:0:
64,192,48363,1,0,0:0:0:0:
320,192,48679,1,0,0:0:0:0:
192,192,48837,1,0,0:0:0:0:
448,192,48837,1,0,0:0:0:0:
64,192,48995,1,0,0:0:0:0:
320,192,49153,1,0,0:0:0:0:
64,192,49311,128,0,50416:0:0:0:0:
448,192,49626,1,0,0:0:0:0:
448,192,49942,1,0,0:0:0:0:
448,192,50416,1,0,0:0:0:0:
192,192,50574,128,0,51048:0:0:0:0:
448,192,50890,1,0,0:0:0:0:
320,192,51205,128,0,51363:0:0:0:0:
64,192,51363,1,0,0:0:0:0:
192,192,51521,1,0,0:0:0:0:
448,192,51679,1,0,0:0:0:0:
64,192,51837,128,0,52311:0:0:0:0:
448,192,52153,1,0,0:0:0:0:
192,192,52469,128,0,52626:0:0:0:0:
320,192,52784,128,0,52942:0:0:0:0:
64,192,52784,1,0,0:0:0:0:
448,192,53100,128,0,53258:0:0:0:0:
64,192,53416,128,0,53574:0:0:0:0:
320,192,53416,1,0,0:0:0:0:
448,192,53732,128,0,53890:0:0:0:0:
192,192,53890,1,0,0:0:0:0:
320,192,54048,128,0,54205:0:0:0:0:
64,192,54363,128,0,54837:0:0:0:0:
448,192,54679,1,0,0:0:0:0:
192,192,54995,128,0,55153:0:0:0:0:
64,192,55311,128,0,56732:0:0:0:0:
448,192,55311,1,0,0:0:0:0:
320,192,55469,1,0,0:0:0:0:
448,192,55784,1,0,0:0:0:0:
320,192,55942,1,0,0:0:0:0:
448,192,56416,1,0,0:0:0:0:
320,192,56732,1,0,0:0:0:0:
448,192,56890,128,0,57363:0:0:0:0:
64,192,57205,1,0,0:0:0:0:
192,192,57521,128,0,57679:0:0:0:0:
448,192,57837,128,0,57995:0:0:0:0:
64,192,57837,1,0,0:0:0:0:
320,192,58153,128,0,58311:0:0:0:0:
192,192,58469,128,0,58626:0:0:0:0:
448,192,58469,1,0,0:0:0:0:
64,192,58784,128,0,58942:0:0:0:0:
320,192,58942,1,0,0:0:0:0:
448,192,59100,128,0,59258:0:0:0:0:
64,192,59416,1,0,0:0:0:0:
320,192,59574,1,0,0:0:0:0:
448,192,59732,128,0,61153:0:0:0:0:
192,192,59732,1,0,0:0:0:0:
64,192,60048,1,0,0:0:0:0:
64,192,60521,1,0,0:0:0:0:
192,192,60995,1,0,0:0:0:0:
64,192,61311,128,0,61469:0:0:0:0:
320,192,61469,1,0,0:0:0:0:
448,192,61626,128,0,61784:0:0:0:0:
64,192,61942,128,0,62258:0:0:0:0:
320,192,62258,1,0,0:0:0:0:
448,192,62416,128,0,62732:0:0:0:0:
64,192,62890,128,0,63048:0:0:0:0:
320,192,62890,1,0,0:0:0:0:
448,192,63205,128,0,63363:0:0:0:0:
320,192,63521,128,0,63679:0:0:0:0:
64,192,63521,1,0,0:0:0:0:
192,192,63837,128,0,63995:0:0:0:0:
448,192,63995,1,0,0:0:0:0:
64,192,64153,1,0,0:0:0:0:
320,192,64311,1,0,0:0:0:0:
448,192,64469,128,0,66837:0:0:0:0:
192,192,64784,1,0,0:0:0:0:
192,192,65416,1,0,0:0:0:0:
192,192,65890,1,0,0:0:0:0:
192,192,66048,1,0,0:0:0:0:
192,192,66521,1,0,0:0:0:0:
192,192,66837,1,0,0:0:0:0:
64,192,66995,1,0,0:0:0:0:
448,192,66995,1,0,0:0:0:0:
448,192,67626,1,0,0:0:0:0:
192,192,67942,1,0,0:0:0:0:
320,192,68574,1,0,0:0:0:0:
64,192,68890,1,0,0:0:0:0:
64,192,69521,1,0,0:0:0:0:
448,192,70153,1,0,0:0:0:0:
192,192,70469,1,0,0:0:0:0:
320,192,71100,1,0,0:0:0:0:
64,192,71416,1,0,0:0:0:0:
192,192,72048,1,0,0:0:0:0:
448,192,72679,1,0,0:0:0:0:
64,192,72995,1,0,0:0:0:0:
192,192,73626,1,0,0:0:0:0:
320,192,73942,1,0,0:0:0:0:
64,192,74574,1,0,0:0:0:0:
448,192,75205,1,0,0:0:0:0:
192,192,75521,1,0,0:0:0:0:
64,192,76153,1,0,0:0:0:0:
320,192,76469,1,0,0:0:0:0:
192,192,76942,1,0,0:0:0:0:
64,192,77100,1,0,0:0:0:0:
448,192,77100,1,0,0:0:0:0:
192,192,77574,1,0,0:0:0:0:
448,192,77732,1,0,0:0:0:0:
320,192,77890,1,0,0:0:0:0:
64,192,78048,1,0,0:0:0:0:
320,192,78521,1,0,0:0:0:0:
64,192,78679,1,0,0:0:0:0:
448,192,78995,1,0,0:0:0:0:
192,192,79153,1,0,0:0:0:0:
64,192,79469,1,0,0:0:0:0:
320,192,79626,1,0,0:0:0:0:
192,192,80100,1,0,0:0:0:0:
448,192,80258,1,0,0:0:0:0:
320,192,80416,1,0,0:0:0:0:
64,192,80574,1,0,0:0:0:0:
448,192,81048,1,0,0:0:0:0:
192,192,81205,1,0,0:0:0:0:
320,192,81521,1,0,0:0:0:0:
64,192,81679,1,0,0:0:0:0:
192,192,81995,1,0,0:0:0:0:
448,192,82153,1,0,0:0:0:0:
64,192,82626,1,0,0:0:0:0:
448,192,82784,1,0,0:0:0:0:
320,192,82942,1,0,0:0:0:0:
192,192,83100,1,0,0:0:0:0:
64,192,83574,1,0,0:0:0:0:
320,192,83732,1,0,0:0:0:0:
448,192,84048,1,0,0:0:0:0:
192,192,84205,1,0,0:0:0:0:
320,192,84521,1,0,0:0:0:0:
64,192,84679,1,0,0:0:0:0:
448,192,85311,1,0,0:0:0:0:
320,192,85469,1,0,0:0:0:0:
64,192,85626,1,0,0:0:0:0:
192,192,86100,1,0,0:0:0:0:
448,192,86258,1,0,0:0:0:0:
320,192,86732,1,0,0:0:0:0:
192,192,87048,1,0,0:0:0:0:
448,192,87205,128,0,87363:0:0:0:0:
64,192,87205,1,0,0:0:0:0:
320,192,87521,128,0,87679:0:0:0:0:
192,192,87837,128,0,87995:0:0:0:0:
64,192,88153,128,0,88311:0:0:0:0:
448,192,88469,128,0,88626:0:0:0:0:
192,192,88784,128,0,88942:0:0:0:0:
64,192,89100,128,0,89258:0:0:0:0:
320,192,89416,128,0,89574:0:0:0:0:
448,192,89732,128,0,89890:0:0:0:0:
192,192,90048,128,0,90205:0:0:0:0:
320,192,90363,128,0,90521:0:0:0:0:
64,192,90679,128,0,90837:0:0:0:0:
192,192,90995,128,0,91153:0:0:0:0:
320,192,91311,128,0,91469:0:0:0:0:
448,192,91626,128,0,91784:0:0:0:0:
192,192,91942,128,0,92100:0:0:0:0:
64,192,92258,128,0,92416:0:0:0:0:
320,192,92574,128,0,92732:0:0:0:0:
192,192,92890,128,0,93048:0:0:0:0:
448,192,93205,128,0,93363:0:0:0:0:
64,192,93521,128,0,93679:0:0:0:0:
320,192,93837,128,0,93995:0:0:0:0:
448,192,94153,128,0,94311:0:0:0:0:
192,192,94469,128,0,94626:0:0:0:0:
64,192,94784,128,0,94942:0:0:0:0:
320,192,95100,128,0,95258:0:0:0:0:
192,192,95416,128,0,95574:0:0:0:0:
448,192,95732,128,0,95890:0:0:0:0:
64,192,96048,128,0,96205:0:0:0:0:
320,192,96363,128,0,96521:0:0:0:0:
192,192,96679,128,0,96837:0:0:0:0:
448,192,96995,128,0,97153:0:0:0:0:
64,192,97311,5,0,0:0:0:0:
320,192,97416,1,0,0:0:0:0:
64,192,97521,1,0,0:0:0:0:
448,192,97626,1,0,0:0:0:0:
192,192,97732,1,0,0:0:0:0:
448,192,97837,1,0,0:0:0:0:
320,192,97942,1,0,0:0:0:0:
64,192,98048,1,0,0:0:0:0:
320,192,98153,1,0,0:0:0:0:
192,192,98258,1,0,0:0:0:0:
448,192,98363,1,0,0:0:0:0:
192,192,98469,1,0,0:0:0:0:
320,192,98574,1,0,0:0:0:0:
64,192,98679,1,0,0:0:0:0:
320,192,98784,1,0,0:0:0:0:
64,192,98890,1,0,0:0:0:0:
320,192,98995,1,0,0:0:0:0:
64,192,99100,1,0,0:0:0:0:
448,192,99205,1,0,0:0:0:0:
192,192,99311,1,0,0:0:0:0:
448,192,99416,1,0,0:0:0:0:
192,192,99521,1,0,0:0:0:0:
448,192,99626,1,0,0:0:0:0:
192,192,99732,1,0,0:0:0:0:
64,192,99837,1,0,0:0:0:0:
320,192,99942,1,0,0:0:0:0:
64,192,100048,1,0,0:0:0:0:
448,192,100153,1,0,0:0:0:0:
192,192,100258,1,0,0:0:0:0:
448,192,100363,1,0,0:0:0:0:
64,192,100469,1,0,0:0:0:0:
320,192,100574,1,0,0:0:0:0:
64,192,100679,1,0,0:0:0:0:
448,192,100784,1,0,0:0:0:0:
192,192,100890,1,0,0:0:0:0:
448,192,100995,1,0,0:0:0:0:
64,192,101100,1,0,0:0:0:0:
320,192,101205,1,0,0:0:0:0:
64,192,101311,1,0,0:0:0:0:
448,192,101416,1,0,0:0:0:0:
192,192,101521,1,0,0:0:0:0:
448,192,101626,1,0,0:0:0:0:
64,192,101732,1,0,0:0:0:0:
320,192,101837,1,0,0:0:0:0:
64,192,101942,1,0,0:0:0:0:
320,192,102048,1,0,0:0:0:0:
64,192,102153,1,0,0:0:0:0:
320,192,102258,1,0,0:0:0:0:
192,192,102363,1,0,0:0:0:0:
448,192,102469,1,0,0:0:0:0:
192,192,102574,1,0,0:0:0:0:
64,192,102679,1,0,0:0:0:0:
320,192,102784,1,0,0:0:0:0:
64,192,102890,1,0,0:0:0:0:
448,192,102995,1,0,0:0:0:0:
192,192,103100,1,0,0:0:0:0:
448,192,103205,1,0,0:0:0:0:
320,192,103311,1,0,0:0:0:0:
64,192,103416,1,0,0:0:0:0:
320,192,103521,1,0,0:0:0:0:
192,192,103626,1,0,0:0:0:0:
448,192,103732,1,0,0:0:0:0:
192,192,103837,1,0,0:0:0:0:
64,192,103942,1,0,0:0:0:0:
320,192,104048,1,0,0:0:0:0:
64,192,104153,1,0,0:0:0:0:
448,192,104258,1,0,0:0:0:0:
192,192,104363,1,0,0:0:0:0:
448,192,104469,1,0,0:0:0:0:
320,192,104574,1,0,0:0:0:0:
64,192,104679,1,0,0:0:0:0:
320,192,104784,1,0,0:0:0:0:
192,192,104890,1,0,0:0:0:0:
448,192,104995,1,0,0:0:0:0:
192,192,105100,1,0,0:0:0:0:
320,192,105205,1,0,0:0:0:0:
64,192,105311,1,0,0:0:0:0:
320,192,105416,1,0,0:0:0:0:
192,192,105521,1,0,0:0:0:0:
448,192,105626,1,0,0:0:0:0:
192,192,105732,1,0,0:0:0:0:
320,192,105837,1,0,0:0:0:0:
64,192,105942,1,0,0:0:0:0:
320,192,106048,1,0,0:0:0:0:
192,192,106153,1,0,0:0:0:0:
448,192,106258,1,0,0:0:0:0:
192,192,106363,1,0,0:0:0:0:
320,192,106469,1,0,0:0:0:0:
64,192,106574,1,0,0:0:0:0:
320,192,106679,1,0,0:0:0:0:
192,192,106784,1,0,0:0:0:0:
448,192,106890,1,0,0:0:0:0:
192,192,106995,1,0,0:0:0:0:
448,192,107100,1,0,0:0:0:0:
192,192,107205,1,0,0:0:0:0:
448,192,107311,1,0,0:0:0:0:
64,192,107416,1,0,0:0:0:0:
320,192,107416,1,0,0:0:0:0:
448,192,117521,132,0,122574:0:0:0:0:
64,192,117521,128,0,122574:0:0:0:0:
