osu file format v14

[General]
AudioFilename: M2U - Nightmare.mp3
AudioLeadIn: 0
PreviewTime: -1
Countdown: 0
SampleSet: Soft
StackLeniency: 0.7
Mode: 3
LetterboxInBreaks: 0
SpecialStyle: 0
WidescreenStoryboard: 1

[Editor]
Bookmarks: 6363,26574,42758,97311
DistanceSpacing: 0.8
BeatDivisor: 4
GridSize: 8
TimelineZoom: 2

[Metadata]
Title:Nightmare
TitleUnicode:Nightmare
Artist:M2U
ArtistUnicode:M2U
Creator:biemote
Version:4K NM
Source:DJMAX
Tags:
BeatmapID:757073
BeatmapSetID:342507

[Difficulty]
HPDrainRate:5
CircleSize:4
OverallDifficulty:5
ApproachRate:5
SliderMultiplier:1.4
SliderTickRate:1

[Events]
//Background and Video events
0,0,"BG.jpg",0,0
Video,189,"Nightmare.mp4"
//Break Periods
//Storyboard Layer 0 (Background)
//Storyboard Layer 1 (Fail)
//Storyboard Layer 2 (Pass)
//Storyboard Layer 3 (Foreground)
//Storyboard Sound Samples

[TimingPoints]
48,315.789473684211,4,2,0,5,1,0
46784,-100,4,2,0,5,0,1
66995,-100,4,2,0,5,0,0
87205,-100,4,2,0,5,0,1
107416,-100,4,2,0,5,0,0


[HitObjects]
64,192,6363,5,0,0:0:0:0:
448,192,6363,1,0,0:0:0:0:
192,192,6837,1,0,0:0:0:0:
320,192,7311,1,0,0:0:0:0:
448,192,7784,1,0,0:0:0:0:
192,192,8100,1,0,0:0:0:0:
64,192,8890,1,0,0:0:0:0:
320,192,9048,1,0,0:0:0:0:
448,192,9363,1,0,0:0:0:0:
192,192,9679,1,0,0:0:0:0:
64,192,9995,1,0,0:0:0:0:
448,192,10469,1,0,0:0:0:0:
192,192,10784,1,0,0:0:0:0:
64,192,11416,1,0,0:0:0:0:
448,192,11416,1,0,0:0:0:0:
320,192,11890,1,0,0:0:0:0:
448,192,12205,1,0,0:0:0:0:
192,192,12363,1,0,0:0:0:0:
64,192,12837,1,0,0:0:0:0:
448,192,13153,1,0,0:0:0:0:
192,192,13469,1,0,0:0:0:0:
64,192,13784,1,0,0:0:0:0:
192,192,13942,1,0,0:0:0:0:
448,192,13942,1,0,0:0:0:0:
320,192,14100,1,0,0:0:0:0:
192,192,14258,1,0,0:0:0:0:
64,192,14416,1,0,0:0:0:0:
320,192,14890,1,0,0:0:0:0:
448,192,15363,1,0,0:0:0:0:
192,192,15521,1,0,0:0:0:0:
64,192,15679,1,0,0:0:0:0:
320,192,15995,1,0,0:0:0:0:
64,192,16469,1,0,0:0:0:0:
448,192,16469,1,0,0:0:0:0:
320,192,16942,1,0,0:0:0:0:
192,192,17416,1,0,0:0:0:0:
64,192,17890,1,0,0:0:0:0:
448,192,18048,1,0,0:0:0:0:
320,192,18205,1,0,0:0:0:0:
192,192,18995,1,0,0:0:0:0:
64,192,19153,1,0,0:0:0:0:
320,192,19311,1,0,0:0:0:0:
448,192,19469,1,0,0:0:0:0:
320,192,19784,1,0,0:0:0:0:
192,192,20100,1,0,0:0:0:0:
320,192,20574,1,0,0:0:0:0:
64,192,20890,1,0,0:0:0:0:
192,192,21521,1,0,0:0:0:0:
448,192,21521,1,0,0:0:0:0:
320,192,21995,1,0,0:0:0:0:
448,192,22311,1,0,0:0:0:0:
64,192,22469,1,0,0:0:0:0:
192,192,22942,1,0,0:0:0:0:
448,192,23258,1,0,0:0:0:0:
192,192,23574,1,0,0:0:0:0:
64,192,23890,1,0,0:0:0:0:
320,192,24048,1,0,0:0:0:0:
448,192,24205,1,0,0:0:0:0:
192,192,24363,1,0,0:0:0:0:
64,192,24521,1,0,0:0:0:0:
192,192,24995,1,0,0:0:0:0:
320,192,25469,1,0,0:0:0:0:
448,192,25784,1,0,0:0:0:0:
192,192,26100,1,0,0:0:0:0:
64,192,26574,1,0,0:0:0:0:
448,192,26574,1,0,0:0:0:0:
192,192,27048,1,0,0:0:0:0:
448,192,27205,1,0,0:0:0:0:
64,192,27521,1,0,0:0:0:0:
448,192,27679,1,0,0:0:0:0:
192,192,27837,1,0,0:0:0:0:
448,192,28469,1,0,0:0:0:0:
64,192,28784,1,0,0:0:0:0:
192,192,28942,1,0,0:0:0:0:
320,192,29100,1,0,0:0:0:0:
448,192,29732,1,0,0:0:0:0:
320,192,30521,1,0,0:0:0:0:
192,192,30679,1,0,0:0:0:0:
64,192,30837,1,0,0:0:0:0:
192,192,30995,1,0,0:0:0:0:
448,192,30995,1,0,0:0:0:0:
320,192,31153,1,0,0:0:0:0:
64,192,31311,1,0,0:0:0:0:
448,192,31469,1,0,0:0:0:0:
192,192,31626,1,0,0:0:0:0:
192,192,32100,1,0,0:0:0:0:
448,192,32258,1,0,0:0:0:0:
64,192,32258,1,0,0:0:0:0:
320,192,32416,1,0,0:0:0:0:
192,192,32574,1,0,0:0:0:0:
64,192,32732,1,0,0:0:0:0:
448,192,32890,1,0,0:0:0:0:
64,192,33521,1,0,0:0:0:0:
448,192,33837,1,0,0:0:0:0:
192,192,33995,1,0,0:0:0:0:
64,192,34153,1,0,0:0:0:0:
320,192,34311,1,0,0:0:0:0:
192,192,34469,1,0,0:0:0:0:
448,192,34626,1,0,0:0:0:0:
64,192,34784,1,0,0:0:0:0:
320,192,34784,1,0,0:0:0:0:
448,192,34942,1,0,0:0:0:0:
192,192,35100,1,0,0:0:0:0:
320,192,35258,1,0,0:0:0:0:
64,192,35416,1,0,0:0:0:0:
448,192,35574,1,0,0:0:0:0:
192,192,35732,1,0,0:0:0:0:
448,192,35890,1,0,0:0:0:0:
64,192,36048,1,0,0:0:0:0:
320,192,36048,1,0,0:0:0:0:
448,192,36205,1,0,0:0:0:0:
192,192,36363,1,0,0:0:0:0:
320,192,36521,1,0,0:0:0:0:
64,192,36679,1,0,0:0:0:0:
320,192,37153,1,0,0:0:0:0:
448,192,37311,1,0,0:0:0:0:
64,192,37311,1,0,0:0:0:0:
192,192,37469,1,0,0:0:0:0:
320,192,37626,1,0,0:0:0:0:
448,192,37784,1,0,0:0:0:0:
64,192,37942,1,0,0:0:0:0:
192,192,38416,1,0,0:0:0:0:
448,192,38574,1,0,0:0:0:0:
320,192,38732,1,0,0:0:0:0:
192,192,38890,1,0,0:0:0:0:
64,192,39048,1,0,0:0:0:0:
448,192,39205,1,0,0:0:0:0:
320,192,39679,1,0,0:0:0:0:
64,192,39837,1,0,0:0:0:0:
448,192,39837,1,0,0:0:0:0:
192,192,39995,1,0,0:0:0:0:
320,192,40153,1,0,0:0:0:0:
448,192,40311,1,0,0:0:0:0:
64,192,40469,1,0,0:0:0:0:
320,192,40626,1,0,0:0:0:0:
192,192,40784,1,0,0:0:0:0:
448,192,40942,1,0,0:0:0:0:
64,192,41100,1,0,0:0:0:0:
320,192,41100,1,0,0:0:0:0:
192,192,41258,1,0,0:0:0:0:
448,192,41416,1,0,0:0:0:0:
64,192,41574,1,0,0:0:0:0:
320,192,41732,1,0,0:0:0:0:
192,192,42205,1,0,0:0:0:0:
64,192,42363,1,0,0:0:0:0:
448,192,42363,1,0,0:0:0:0:
320,192,42521,1,0,0:0:0:0:
192,192,42679,1,0,0:0:0:0:
448,192,42837,1,0,0:0:0:0:
64,192,42995,1,0,0:0:0:0:
448,192,43153,1,0,0:0:0:0:
192,192,43311,1,0,0:0:0:0:
320,192,43469,1,0,0:0:0:0:
64,192,43626,1,0,0:0:0:0:
448,192,43626,1,0,0:0:0:0:
320,192,43784,1,0,0:0:0:0:
192,192,43942,1,0,0:0:0:0:
448,192,44100,1,0,0:0:0:0:
64,192,44258,1,0,0:0:0:0:
320,192,44416,1,0,0:0:0:0:
448,192,44574,1,0,0:0:0:0:
192,192,44732,1,0,0:0:0:0:
64,192,44890,1,0,0:0:0:0:
320,192,45048,1,0,0:0:0:0:
192,192,45205,1,0,0:0:0:0:
448,192,45363,1,0,0:0:0:0:
64,192,45521,1,0,0:0:0:0:
320,192,45679,1,0,0:0:0:0:
192,192,45837,1,0,0:0:0:0:
448,192,45995,1,0,0:0:0:0:
64,192,46153,1,0,0:0:0:0:
320,192,46311,1,0,0:0:0:0:
192,192,46469,1,0,0:0:0:0:
448,192,46626,1,0,0:0:0:0:
64,192,46784,128,0,47890:0:0:0:0:
320,192,48048,128,0,48205:0:0:0:0:
448,192,48363,128,0,48521:0:0:0:0:
320,192,48679,1,0,0:0:0:0:
64,192,48837,1,0,0:0:0:0:
192,192,48995,1,0,0:0:0:0:
448,192,49153,1,0,0:0:0:0:
320,192,49311,128,0,50416:0:0:0:0:
192,192,50574,128,0,51048:0:0:0:0:
64,192,51205,128,0,51363:0:0:0:0:
320,192,51521,1,0,0:0:0:0:
448,192,51679,1,0,0:0:0:0:
192,192,51837,128,0,52311:0:0:0:0:
320,192,52469,128,0,52626:0:0:0:0:
448,192,52784,128,0,52942:0:0:0:0:
320,192,53100,128,0,53258:0:0:0:0:
192,192,53416,128,0,53574:0:0:0:0:
64,192,53732,128,0,53890:0:0:0:0:
320,192,54048,128,0,54205:0:0:0:0:
448,192,54363,128,0,54837:0:0:0:0:
320,192,54995,128,0,55153:0:0:0:0:
64,192,55311,128,0,56732:0:0:0:0:
448,192,56890,128,0,57363:0:0:0:0:
192,192,57521,128,0,57679:0:0:0:0:
320,192,57837,128,0,57995:0:0:0:0:
448,192,58153,128,0,58311:0:0:0:0:
192,192,58469,128,0,58626:0:0:0:0:
64,192,58784,128,0,58942:0:0:0:0:
320,192,59100,128,0,59258:0:0:0:0:
192,192,59416,1,0,0:0:0:0:
448,192,59574,1,0,0:0:0:0:
64,192,59732,128,0,61153:0:0:0:0:
320,192,61311,128,0,61469:0:0:0:0:
448,192,61626,128,0,61784:0:0:0:0:
192,192,61942,128,0,62258:0:0:0:0:
448,192,62416,128,0,62732:0:0:0:0:
192,192,62890,128,0,63048:0:0:0:0:
64,192,63205,128,0,63363:0:0:0:0:
320,192,63521,128,0,63679:0:0:0:0:
192,192,63837,128,0,63995:0:0:0:0:
64,192,64153,1,0,0:0:0:0:
320,192,64311,1,0,0:0:0:0:
448,192,64469,128,0,66048:0:0:0:0:
64,192,66363,128,0,66521:0:0:0:0:
448,192,66679,128,0,66837:0:0:0:0:
320,192,66995,1,0,0:0:0:0:
64,192,66995,128,0,68732:0:0:0:0:
448,192,67626,1,0,0:0:0:0:
192,192,68890,1,0,0:0:0:0:
448,192,68890,128,0,69363:0:0:0:0:
192,192,69521,128,0,69995:0:0:0:0:
448,192,70153,1,0,0:0:0:0:
64,192,70153,128,0,71574:0:0:0:0:
320,192,71416,1,0,0:0:0:0:
448,192,71732,128,0,71890:0:0:0:0:
192,192,72048,128,0,72679:0:0:0:0:
448,192,72679,1,0,0:0:0:0:
320,192,72837,1,0,0:0:0:0:
64,192,72995,1,0,0:0:0:0:
448,192,73153,1,0,0:0:0:0:
192,192,73311,128,0,75048:0:0:0:0:
320,192,73942,1,0,0:0:0:0:
64,192,75205,1,0,0:0:0:0:
320,192,75205,128,0,75363:0:0:0:0:
448,192,75521,1,0,0:0:0:0:
192,192,75679,128,0,75995:0:0:0:0:
64,192,76153,128,0,76626:0:0:0:0:
320,192,76469,1,0,0:0:0:0:
448,192,76784,128,0,76942:0:0:0:0:
320,192,77100,1,0,0:0:0:0:
64,192,77100,128,0,78837:0:0:0:0:
448,192,77732,1,0,0:0:0:0:
448,192,78995,1,0,0:0:0:0:
192,192,78995,128,0,79469:0:0:0:0:
448,192,79626,128,0,80100:0:0:0:0:
64,192,80258,1,0,0:0:0:0:
320,192,80258,128,0,81679:0:0:0:0:
192,192,81521,1,0,0:0:0:0:
64,192,81837,128,0,81995:0:0:0:0:
448,192,82153,128,0,85626:0:0:0:0:
64,192,82784,1,0,0:0:0:0:
192,192,84048,1,0,0:0:0:0:
64,192,85311,1,0,0:0:0:0:
448,192,86574,1,0,0:0:0:0:
64,192,87205,1,0,0:0:0:0:
448,192,87205,1,0,0:0:0:0:
320,192,87679,1,0,0:0:0:0:
192,192,88153,1,0,0:0:0:0:
448,192,88311,1,0,0:0:0:0:
64,192,88469,1,0,0:0:0:0:
192,192,89416,1,0,0:0:0:0:
320,192,89574,1,0,0:0:0:0:
448,192,89732,1,0,0:0:0:0:
448,192,91153,1,0,0:0:0:0:
192,192,91311,1,0,0:0:0:0:
320,192,91469,1,0,0:0:0:0:
64,192,91626,1,0,0:0:0:0:
320,192,91784,1,0,0:0:0:0:
192,192,91942,1,0,0:0:0:0:
448,192,92100,1,0,0:0:0:0:
64,192,92258,1,0,0:0:0:0:
192,192,92732,1,0,0:0:0:0:
448,192,92890,1,0,0:0:0:0:
320,192,93048,1,0,0:0:0:0:
192,192,93205,1,0,0:0:0:0:
64,192,93363,1,0,0:0:0:0:
320,192,93521,1,0,0:0:0:0:
448,192,94469,1,0,0:0:0:0:
192,192,94626,1,0,0:0:0:0:
64,192,94784,1,0,0:0:0:0:
320,192,94942,1,0,0:0:0:0:
192,192,95100,1,0,0:0:0:0:
448,192,95258,1,0,0:0:0:0:
64,192,95416,1,0,0:0:0:0:
320,192,95574,1,0,0:0:0:0:
192,192,95732,1,0,0:0:0:0:
448,192,95890,1,0,0:0:0:0:
64,192,96048,1,0,0:0:0:0:
320,192,96205,1,0,0:0:0:0:
192,192,96363,1,0,0:0:0:0:
448,192,96521,1,0,0:0:0:0:
64,192,96679,1,0,0:0:0:0:
192,192,96837,1,0,0:0:0:0:
320,192,96995,1,0,0:0:0:0:
448,192,97153,1,0,0:0:0:0:
64,192,97311,128,0,97469:0:0:0:0:
320,192,97626,128,0,97784:0:0:0:0:
448,192,97942,128,0,98100:0:0:0:0:
192,192,98258,128,0,98416:0:0:0:0:
320,192,98574,128,0,98732:0:0:0:0:
64,192,98890,128,0,99048:0:0:0:0:
448,192,99205,128,0,99363:0:0:0:0:
192,192,99521,128,0,99679:0:0:0:0:
64,192,99837,128,0,99995:0:0:0:0:
320,192,100153,128,0,100311:0:0:0:0:
448,192,100469,128,0,100626:0:0:0:0:
192,192,100784,128,0,100942:0:0:0:0:
448,192,101100,128,0,101258:0:0:0:0:
64,192,101416,128,0,101574:0:0:0:0:
320,192,101732,128,0,101890:0:0:0:0:
192,192,102048,128,0,102205:0:0:0:0:
64,192,102363,128,0,102521:0:0:0:0:
320,192,102679,128,0,102837:0:0:0:0:
448,192,102995,128,0,103153:0:0:0:0:
192,192,103311,128,0,103469:0:0:0:0:
320,192,103626,128,0,103784:0:0:0:0:
64,192,103942,128,0,104100:0:0:0:0:
448,192,104258,128,0,104416:0:0:0:0:
192,192,104574,128,0,104732:0:0:0:0:
64,192,104890,128,0,105048:0:0:0:0:
320,192,105205,128,0,105363:0:0:0:0:
448,192,105521,128,0,105679:0:0:0:0:
192,192,105837,128,0,105995:0:0:0:0:
320,192,106153,128,0,106311:0:0:0:0:
64,192,106469,128,0,106626:0:0:0:0:
448,192,106784,128,0,106942:0:0:0:0:
192,192,107100,128,0,107258:0:0:0:0:
64,192,107416,1,0,0:0:0:0:
448,192,107416,1,0,0:0:0:0:
320,192,107732,1,0,0:0:0:0:
320,192,108363,1,0,0:0:0:0:
320,192,108995,1,0,0:0:0:0:
320,192,109626,1,0,0:0:0:0:
320,192,110258,1,0,0:0:0:0:
320,192,110890,1,0,0:0:0:0:
320,192,111521,1,0,0:0:0:0:
320,192,112153,1,0,0:0:0:0:
320,192,112784,1,0,0:0:0:0:
320,192,113416,1,0,0:0:0:0:
320,192,114048,1,0,0:0:0:0:
320,192,114679,1,0,0:0:0:0:
320,192,115311,1,0,0:0:0:0:
320,192,115942,1,0,0:0:0:0:
320,192,116574,1,0,0:0:0:0:
320,192,117205,1,0,0:0:0:0:
64,192,117521,1,0,0:0:0:0:
