osu file format v14

[General]
AudioFilename: audio.mp3
AudioLeadIn: 0
PreviewTime: -1
Countdown: 0
SampleSet: Drum
StackLeniency: 0.7
Mode: 3
LetterboxInBreaks: 0
SpecialStyle: 0
WidescreenStoryboard: 1

[Editor]
DistanceSpacing: 1.3
BeatDivisor: 4
GridSize: 32
TimelineZoom: 1

[Metadata]
Title:Godzilla
TitleUnicode:Godzilla
Artist:Eminem (feat. Juice WRLD)
ArtistUnicode:Eminem (feat. Juice WRLD)
Creator:Darkennn
Version:Hard
Source:
Tags:
BeatmapID:2346398
BeatmapSetID:1122822

[Difficulty]
HPDrainRate:8
CircleSize:4
OverallDifficulty:8
ApproachRate:5
SliderMultiplier:1.4
SliderTickRate:1

[Events]
//Background and Video events
0,0,"maxresdefault.jpg",0,0
//Break Periods
//Storyboard Layer 0 (Background)
//Storyboard Layer 1 (Fail)
//Storyboard Layer 2 (Pass)
//Storyboard Layer 3 (Foreground)
//Storyboard Layer 4 (Overlay)
//Storyboard Sound Samples

[TimingPoints]
0,361.44578313253,4,3,0,55,1,0


[HitObjects]
448,192,3975,5,0,0:0:0:0:
192,192,4156,1,0,0:0:0:0:
448,192,4337,128,0,4608:0:0:0:0:
192,192,4608,1,0,0:0:0:0:
64,192,4698,1,0,0:0:0:0:
448,192,5060,1,0,0:0:0:0:
192,192,5240,1,0,0:0:0:0:
448,192,5421,1,0,0:0:0:0:
192,192,5783,128,0,5873:0:0:0:0:
320,192,5963,128,0,6054:0:0:0:0:
448,192,6144,128,0,6325:0:0:0:0:
64,192,6415,1,0,0:0:0:0:
192,192,6506,1,0,0:0:0:0:
320,192,6867,1,0,0:0:0:0:
448,192,7048,1,0,0:0:0:0:
320,192,7228,128,0,7409:0:0:0:0:
192,192,7499,1,0,0:0:0:0:
64,192,7590,1,0,0:0:0:0:
320,192,7951,1,0,0:0:0:0:
448,192,8042,1,0,0:0:0:0:
192,192,8132,1,0,0:0:0:0:
320,192,8313,1,0,0:0:0:0:
448,192,8493,1,0,0:0:0:0:
320,192,8674,1,0,0:0:0:0:
192,192,8855,1,0,0:0:0:0:
448,192,9036,128,0,9307:0:0:0:0:
192,192,9307,1,0,0:0:0:0:
64,192,9397,1,0,0:0:0:0:
320,192,9759,1,0,0:0:0:0:
448,192,9759,1,0,0:0:0:0:
64,192,9759,1,0,0:0:0:0:
192,192,10120,1,0,0:0:0:0:
448,192,10301,1,0,0:0:0:0:
192,192,10481,1,0,0:0:0:0:
320,192,10753,1,0,0:0:0:0:
448,192,10843,1,0,0:0:0:0:
64,192,11024,1,0,0:0:0:0:
192,192,11204,1,0,0:0:0:0:
320,192,11295,1,0,0:0:0:0:
448,192,11385,1,0,0:0:0:0:
192,192,11566,1,0,0:0:0:0:
320,192,11746,1,0,0:0:0:0:
448,192,11927,1,0,0:0:0:0:
192,192,12108,1,0,0:0:0:0:
64,192,12198,1,0,0:0:0:0:
448,192,12289,1,0,0:0:0:0:
64,192,12469,1,0,0:0:0:0:
192,192,12650,1,0,0:0:0:0:
448,192,12831,1,0,0:0:0:0:
192,192,13012,1,0,0:0:0:0:
64,192,13192,1,0,0:0:0:0:
448,192,13373,128,0,13554:0:0:0:0:
320,192,13554,1,0,0:0:0:0:
192,192,13644,1,0,0:0:0:0:
64,192,13734,1,0,0:0:0:0:
448,192,13915,1,0,0:0:0:0:
320,192,14096,1,0,0:0:0:0:
64,192,14277,1,0,0:0:0:0:
192,192,14367,1,0,0:0:0:0:
320,192,14457,1,0,0:0:0:0:
448,192,14638,1,0,0:0:0:0:
320,192,14819,1,0,0:0:0:0:
64,192,14999,1,0,0:0:0:0:
192,192,15090,1,0,0:0:0:0:
320,192,15180,1,0,0:0:0:0:
320,192,15542,1,0,0:0:0:0:
448,192,15542,1,0,0:0:0:0:
64,192,15542,1,0,0:0:0:0:
448,192,15722,1,0,0:0:0:0:
320,192,15903,1,0,0:0:0:0:
64,192,16084,1,0,0:0:0:0:
192,192,16265,1,0,0:0:0:0:
320,192,16265,1,0,0:0:0:0:
448,192,16445,1,0,0:0:0:0:
64,192,16626,1,0,0:0:0:0:
192,192,16807,1,0,0:0:0:0:
448,192,16987,1,0,0:0:0:0:
192,192,17168,1,0,0:0:0:0:
320,192,17349,1,0,0:0:0:0:
448,192,17530,1,0,0:0:0:0:
192,192,17710,1,0,0:0:0:0:
64,192,17710,1,0,0:0:0:0:
448,192,17891,1,0,0:0:0:0:
320,192,17891,1,0,0:0:0:0:
64,192,17891,1,0,0:0:0:0:
192,192,17981,1,0,0:0:0:0:
320,192,18072,1,0,0:0:0:0:
64,192,18253,1,0,0:0:0:0:
320,192,18433,1,0,0:0:0:0:
448,192,18433,1,0,0:0:0:0:
192,192,18433,1,0,0:0:0:0:
192,192,18614,1,0,0:0:0:0:
64,192,18795,1,0,0:0:0:0:
320,192,18975,1,0,0:0:0:0:
448,192,19066,1,0,0:0:0:0:
192,192,19156,1,0,0:0:0:0:
64,192,19156,1,0,0:0:0:0:
320,192,19337,1,0,0:0:0:0:
192,192,19518,1,0,0:0:0:0:
320,192,19698,1,0,0:0:0:0:
64,192,19879,1,0,0:0:0:0:
192,192,20060,1,0,0:0:0:0:
448,192,20240,1,0,0:0:0:0:
320,192,20331,1,0,0:0:0:0:
192,192,20421,1,0,0:0:0:0:
64,192,20602,1,0,0:0:0:0:
448,192,20602,1,0,0:0:0:0:
320,192,20783,1,0,0:0:0:0:
64,192,20963,1,0,0:0:0:0:
192,192,21144,1,0,0:0:0:0:
320,192,21325,1,0,0:0:0:0:
448,192,21325,1,0,0:0:0:0:
64,192,21325,128,0,21596:0:0:0:0:
320,192,21596,1,0,0:0:0:0:
448,192,21686,1,0,0:0:0:0:
192,192,21867,1,0,0:0:0:0:
448,192,22048,1,0,0:0:0:0:
64,192,22048,1,0,0:0:0:0:
320,192,22228,1,0,0:0:0:0:
64,192,22409,1,0,0:0:0:0:
320,192,22590,1,0,0:0:0:0:
448,192,22771,1,0,0:0:0:0:
64,192,23042,1,0,0:0:0:0:
192,192,23132,1,0,0:0:0:0:
320,192,23132,1,0,0:0:0:0:
448,192,23313,1,0,0:0:0:0:
320,192,23493,1,0,0:0:0:0:
64,192,23493,1,0,0:0:0:0:
192,192,23674,1,0,0:0:0:0:
320,192,23765,1,0,0:0:0:0:
448,192,23855,1,0,0:0:0:0:
64,192,24036,1,0,0:0:0:0:
448,192,24216,1,0,0:0:0:0:
192,192,24487,1,0,0:0:0:0:
64,192,24578,1,0,0:0:0:0:
320,192,24578,1,0,0:0:0:0:
448,192,24759,1,0,0:0:0:0:
320,192,24939,1,0,0:0:0:0:
192,192,24939,1,0,0:0:0:0:
64,192,25120,1,0,0:0:0:0:
448,192,25301,1,0,0:0:0:0:
320,192,25481,1,0,0:0:0:0:
192,192,25662,1,0,0:0:0:0:
320,192,25843,1,0,0:0:0:0:
64,192,25933,1,0,0:0:0:0:
320,192,26024,1,0,0:0:0:0:
448,192,26024,1,0,0:0:0:0:
192,192,26024,1,0,0:0:0:0:
64,192,26204,1,0,0:0:0:0:
192,192,26385,1,0,0:0:0:0:
448,192,26385,1,0,0:0:0:0:
320,192,26566,1,0,0:0:0:0:
64,192,26566,1,0,0:0:0:0:
448,192,26566,1,0,0:0:0:0:
320,192,26746,1,0,0:0:0:0:
64,192,26927,1,0,0:0:0:0:
192,192,26927,1,0,0:0:0:0:
448,192,27018,1,0,0:0:0:0:
320,192,27018,1,0,0:0:0:0:
64,192,27108,128,0,27469:0:0:0:0:
192,192,27469,1,0,0:0:0:0:
448,192,27831,1,0,0:0:0:0:
64,192,27831,1,0,0:0:0:0:
192,192,28192,1,0,0:0:0:0:
320,192,28373,1,0,0:0:0:0:
448,192,28554,1,0,0:0:0:0:
320,192,28734,1,0,0:0:0:0:
64,192,28915,1,0,0:0:0:0:
448,192,28915,1,0,0:0:0:0:
192,192,28915,1,0,0:0:0:0:
320,192,29096,1,0,0:0:0:0:
192,192,29186,1,0,0:0:0:0:
64,192,29277,1,0,0:0:0:0:
448,192,29277,1,0,0:0:0:0:
320,192,29457,1,0,0:0:0:0:
448,192,29638,1,0,0:0:0:0:
192,192,29819,1,0,0:0:0:0:
320,192,29999,1,0,0:0:0:0:
448,192,30090,1,0,0:0:0:0:
320,192,30180,1,0,0:0:0:0:
192,192,30361,1,0,0:0:0:0:
64,192,30542,1,0,0:0:0:0:
192,192,30632,1,0,0:0:0:0:
448,192,30722,1,0,0:0:0:0:
64,192,30722,1,0,0:0:0:0:
320,192,30903,1,0,0:0:0:0:
192,192,31084,1,0,0:0:0:0:
320,192,31174,1,0,0:0:0:0:
448,192,31265,1,0,0:0:0:0:
64,192,31445,1,0,0:0:0:0:
448,192,31626,1,0,0:0:0:0:
448,192,31807,1,0,0:0:0:0:
320,192,31807,1,0,0:0:0:0:
64,192,31807,1,0,0:0:0:0:
192,192,31987,1,0,0:0:0:0:
320,192,32078,1,0,0:0:0:0:
448,192,32168,1,0,0:0:0:0:
64,192,32168,1,0,0:0:0:0:
192,192,32349,1,0,0:0:0:0:
320,192,32530,1,0,0:0:0:0:
448,192,32710,1,0,0:0:0:0:
64,192,32891,128,0,33253:0:0:0:0:
320,192,32891,128,0,33253:0:0:0:0:
448,192,32891,128,0,33253:0:0:0:0:
192,192,33253,1,0,0:0:0:0:
320,192,33433,1,0,0:0:0:0:
448,192,33614,1,0,0:0:0:0:
192,192,33614,1,0,0:0:0:0:
64,192,33795,1,0,0:0:0:0:
192,192,33975,1,0,0:0:0:0:
448,192,34156,1,0,0:0:0:0:
320,192,34337,1,0,0:0:0:0:
192,192,34518,1,0,0:0:0:0:
320,192,34698,1,0,0:0:0:0:
448,192,34698,1,0,0:0:0:0:
64,192,34698,1,0,0:0:0:0:
192,192,34879,1,0,0:0:0:0:
448,192,35060,1,0,0:0:0:0:
64,192,35060,1,0,0:0:0:0:
192,192,35240,1,0,0:0:0:0:
448,192,35421,1,0,0:0:0:0:
192,192,35602,1,0,0:0:0:0:
448,192,35783,1,0,0:0:0:0:
320,192,35963,1,0,0:0:0:0:
192,192,36144,1,0,0:0:0:0:
64,192,36144,1,0,0:0:0:0:
320,192,36325,1,0,0:0:0:0:
448,192,36415,1,0,0:0:0:0:
320,192,36506,1,0,0:0:0:0:
64,192,36506,1,0,0:0:0:0:
192,192,36686,1,0,0:0:0:0:
448,192,36686,1,0,0:0:0:0:
320,192,36777,1,0,0:0:0:0:
192,192,36867,1,0,0:0:0:0:
64,192,37048,1,0,0:0:0:0:
448,192,37228,1,0,0:0:0:0:
320,192,37409,1,0,0:0:0:0:
64,192,37590,1,0,0:0:0:0:
192,192,37680,1,0,0:0:0:0:
320,192,37771,1,0,0:0:0:0:
448,192,37951,1,0,0:0:0:0:
64,192,38132,1,0,0:0:0:0:
448,192,38222,1,0,0:0:0:0:
192,192,38403,1,0,0:0:0:0:
448,192,38584,1,0,0:0:0:0:
320,192,38674,128,0,39036:0:0:0:0:
192,192,39036,1,0,0:0:0:0:
64,192,39397,1,0,0:0:0:0:
192,192,39578,1,0,0:0:0:0:
448,192,39759,1,0,0:0:0:0:
320,192,39939,1,0,0:0:0:0:
192,192,40120,128,0,40481:0:0:0:0:
448,192,40481,1,0,0:0:0:0:
320,192,40662,1,0,0:0:0:0:
192,192,40843,1,0,0:0:0:0:
64,192,41024,1,0,0:0:0:0:
192,192,41204,1,0,0:0:0:0:
448,192,41385,1,0,0:0:0:0:
192,192,41566,128,0,41927:0:0:0:0:
320,192,41927,1,0,0:0:0:0:
448,192,42108,1,0,0:0:0:0:
320,192,42289,1,0,0:0:0:0:
192,192,42469,1,0,0:0:0:0:
64,192,42650,1,0,0:0:0:0:
192,192,42740,1,0,0:0:0:0:
448,192,42831,1,0,0:0:0:0:
320,192,43012,128,0,43373:0:0:0:0:
192,192,43373,1,0,0:0:0:0:
64,192,43463,1,0,0:0:0:0:
448,192,43554,1,0,0:0:0:0:
320,192,43734,1,0,0:0:0:0:
192,192,43915,1,0,0:0:0:0:
64,192,44096,1,0,0:0:0:0:
192,192,44277,1,0,0:0:0:0:
320,192,44457,128,0,44819:0:0:0:0:
192,192,44819,1,0,0:0:0:0:
64,192,45180,1,0,0:0:0:0:
320,192,45361,1,0,0:0:0:0:
448,192,45542,1,0,0:0:0:0:
192,192,45903,1,0,0:0:0:0:
448,192,46265,1,0,0:0:0:0:
192,192,46445,1,0,0:0:0:0:
64,192,46626,1,0,0:0:0:0:
192,192,46807,1,0,0:0:0:0:
448,192,46987,1,0,0:0:0:0:
320,192,47168,1,0,0:0:0:0:
192,192,47349,1,0,0:0:0:0:
320,192,47710,1,0,0:0:0:0:
448,192,48072,1,0,0:0:0:0:
192,192,48253,1,0,0:0:0:0:
64,192,48433,1,0,0:0:0:0:
192,192,48614,1,0,0:0:0:0:
320,192,48795,1,0,0:0:0:0:
448,192,48975,1,0,0:0:0:0:
320,192,49156,1,0,0:0:0:0:
192,192,49337,1,0,0:0:0:0:
64,192,49518,1,0,0:0:0:0:
320,192,49518,1,0,0:0:0:0:
448,192,49698,1,0,0:0:0:0:
192,192,49879,1,0,0:0:0:0:
448,192,50060,1,0,0:0:0:0:
320,192,50060,1,0,0:0:0:0:
192,192,50150,1,0,0:0:0:0:
64,192,50150,1,0,0:0:0:0:
448,192,50240,128,0,50602:0:0:0:0:
320,192,50602,1,0,0:0:0:0:
320,192,50963,1,0,0:0:0:0:
64,192,50963,1,0,0:0:0:0:
192,192,51325,1,0,0:0:0:0:
320,192,51506,1,0,0:0:0:0:
448,192,51686,1,0,0:0:0:0:
320,192,51777,1,0,0:0:0:0:
192,192,51867,1,0,0:0:0:0:
64,192,52048,1,0,0:0:0:0:
320,192,52228,1,0,0:0:0:0:
448,192,52409,1,0,0:0:0:0:
64,192,52409,1,0,0:0:0:0:
320,192,52590,1,0,0:0:0:0:
192,192,52771,1,0,0:0:0:0:
448,192,53132,1,0,0:0:0:0:
192,192,53132,1,0,0:0:0:0:
64,192,53132,1,0,0:0:0:0:
192,192,53493,1,0,0:0:0:0:
320,192,53674,1,0,0:0:0:0:
448,192,53855,1,0,0:0:0:0:
64,192,53855,1,0,0:0:0:0:
320,192,54036,1,0,0:0:0:0:
192,192,54216,1,0,0:0:0:0:
64,192,54397,1,0,0:0:0:0:
192,192,54578,1,0,0:0:0:0:
448,192,54759,1,0,0:0:0:0:
320,192,54939,1,0,0:0:0:0:
192,192,55120,1,0,0:0:0:0:
320,192,55301,1,0,0:0:0:0:
64,192,55301,1,0,0:0:0:0:
448,192,55481,1,0,0:0:0:0:
320,192,55481,1,0,0:0:0:0:
64,192,55481,1,0,0:0:0:0:
192,192,55662,1,0,0:0:0:0:
448,192,55662,1,0,0:0:0:0:
320,192,55753,1,0,0:0:0:0:
192,192,55843,1,0,0:0:0:0:
448,192,55933,1,0,0:0:0:0:
64,192,56024,1,0,0:0:0:0:
320,192,56024,1,0,0:0:0:0:
192,192,56204,1,0,0:0:0:0:
320,192,56385,1,0,0:0:0:0:
192,192,56566,1,0,0:0:0:0:
64,192,56746,1,0,0:0:0:0:
448,192,56746,1,0,0:0:0:0:
320,192,56927,1,0,0:0:0:0:
192,192,57108,1,0,0:0:0:0:
320,192,57289,1,0,0:0:0:0:
448,192,57469,1,0,0:0:0:0:
192,192,57650,1,0,0:0:0:0:
64,192,57740,1,0,0:0:0:0:
320,192,57831,1,0,0:0:0:0:
192,192,58012,1,0,0:0:0:0:
64,192,58192,1,0,0:0:0:0:
320,192,58192,1,0,0:0:0:0:
448,192,58373,1,0,0:0:0:0:
64,192,58373,1,0,0:0:0:0:
192,192,58373,1,0,0:0:0:0:
320,192,58554,1,0,0:0:0:0:
320,192,58734,1,0,0:0:0:0:
64,192,58915,1,0,0:0:0:0:
448,192,58915,1,0,0:0:0:0:
192,192,58915,1,0,0:0:0:0:
320,192,59096,1,0,0:0:0:0:
192,192,59277,1,0,0:0:0:0:
320,192,59457,1,0,0:0:0:0:
448,192,59638,1,0,0:0:0:0:
64,192,59638,1,0,0:0:0:0:
192,192,59819,1,0,0:0:0:0:
320,192,59999,1,0,0:0:0:0:
192,192,60180,1,0,0:0:0:0:
64,192,60361,1,0,0:0:0:0:
320,192,60542,1,0,0:0:0:0:
448,192,60722,1,0,0:0:0:0:
192,192,60722,1,0,0:0:0:0:
64,192,60722,1,0,0:0:0:0:
320,192,60903,1,0,0:0:0:0:
64,192,61084,1,0,0:0:0:0:
448,192,61084,1,0,0:0:0:0:
192,192,61265,1,0,0:0:0:0:
64,192,61265,1,0,0:0:0:0:
448,192,61265,1,0,0:0:0:0:
320,192,61445,1,0,0:0:0:0:
64,192,61626,1,0,0:0:0:0:
192,192,61626,1,0,0:0:0:0:
448,192,61716,1,0,0:0:0:0:
320,192,61716,1,0,0:0:0:0:
64,192,61807,1,0,0:0:0:0:
192,192,61807,1,0,0:0:0:0:
192,192,61987,128,0,62168:0:0:0:0:
448,192,62168,1,0,0:0:0:0:
320,192,62349,1,0,0:0:0:0:
192,192,62530,1,0,0:0:0:0:
64,192,62530,1,0,0:0:0:0:
448,192,62710,1,0,0:0:0:0:
448,192,62891,1,0,0:0:0:0:
320,192,62981,1,0,0:0:0:0:
192,192,63072,1,0,0:0:0:0:
64,192,63253,1,0,0:0:0:0:
192,192,63433,1,0,0:0:0:0:
320,192,63614,1,0,0:0:0:0:
192,192,63795,1,0,0:0:0:0:
448,192,63975,1,0,0:0:0:0:
64,192,63975,1,0,0:0:0:0:
320,192,64156,1,0,0:0:0:0:
192,192,64337,1,0,0:0:0:0:
64,192,64518,1,0,0:0:0:0:
192,192,64698,1,0,0:0:0:0:
320,192,64789,1,0,0:0:0:0:
448,192,64879,1,0,0:0:0:0:
192,192,65060,1,0,0:0:0:0:
320,192,65240,1,0,0:0:0:0:
448,192,65421,1,0,0:0:0:0:
192,192,65421,1,0,0:0:0:0:
320,192,65602,1,0,0:0:0:0:
64,192,65783,1,0,0:0:0:0:
192,192,65963,1,0,0:0:0:0:
320,192,66144,1,0,0:0:0:0:
448,192,66325,1,0,0:0:0:0:
192,192,66506,1,0,0:0:0:0:
320,192,66596,1,0,0:0:0:0:
448,192,66686,1,0,0:0:0:0:
192,192,66777,1,0,0:0:0:0:
64,192,66867,1,0,0:0:0:0:
320,192,66867,1,0,0:0:0:0:
320,192,67048,1,0,0:0:0:0:
192,192,67228,1,0,0:0:0:0:
192,192,67499,1,0,0:0:0:0:
64,192,67590,1,0,0:0:0:0:
320,192,67590,1,0,0:0:0:0:
448,192,67590,1,0,0:0:0:0:
192,192,67680,1,0,0:0:0:0:
320,192,67771,1,0,0:0:0:0:
448,192,67951,1,0,0:0:0:0:
320,192,68132,1,0,0:0:0:0:
448,192,68313,1,0,0:0:0:0:
64,192,68313,1,0,0:0:0:0:
320,192,68493,1,0,0:0:0:0:
64,192,68584,1,0,0:0:0:0:
192,192,68674,1,0,0:0:0:0:
320,192,68765,1,0,0:0:0:0:
448,192,68855,1,0,0:0:0:0:
320,192,69036,1,0,0:0:0:0:
192,192,69216,1,0,0:0:0:0:
320,192,69307,1,0,0:0:0:0:
64,192,69397,1,0,0:0:0:0:
192,192,69487,1,0,0:0:0:0:
320,192,69578,1,0,0:0:0:0:
448,192,69668,1,0,0:0:0:0:
64,192,69759,1,0,0:0:0:0:
320,192,69759,1,0,0:0:0:0:
448,192,69939,1,0,0:0:0:0:
192,192,70120,1,0,0:0:0:0:
448,192,70301,1,0,0:0:0:0:
320,192,70391,1,0,0:0:0:0:
192,192,70481,1,0,0:0:0:0:
64,192,70662,1,0,0:0:0:0:
192,192,70753,1,0,0:0:0:0:
448,192,70843,1,0,0:0:0:0:
320,192,70933,1,0,0:0:0:0:
192,192,71024,1,0,0:0:0:0:
64,192,71204,1,0,0:0:0:0:
448,192,71204,1,0,0:0:0:0:
320,192,71385,1,0,0:0:0:0:
192,192,71566,1,0,0:0:0:0:
448,192,71746,1,0,0:0:0:0:
192,192,71927,1,0,0:0:0:0:
448,192,72108,1,0,0:0:0:0:
192,192,72289,1,0,0:0:0:0:
320,192,72469,1,0,0:0:0:0:
448,192,72650,1,0,0:0:0:0:
64,192,72650,1,0,0:0:0:0:
448,192,72831,1,0,0:0:0:0:
320,192,73012,1,0,0:0:0:0:
64,192,73192,1,0,0:0:0:0:
192,192,73192,1,0,0:0:0:0:
448,192,73283,1,0,0:0:0:0:
320,192,73283,1,0,0:0:0:0:
64,192,73373,1,0,0:0:0:0:
320,192,73554,1,0,0:0:0:0:
448,192,73734,1,0,0:0:0:0:
320,192,73915,1,0,0:0:0:0:
192,192,74006,1,0,0:0:0:0:
64,192,74096,1,0,0:0:0:0:
448,192,74096,1,0,0:0:0:0:
320,192,74277,1,0,0:0:0:0:
192,192,74457,1,0,0:0:0:0:
64,192,74638,1,0,0:0:0:0:
192,192,74819,1,0,0:0:0:0:
448,192,74999,1,0,0:0:0:0:
192,192,75180,1,0,0:0:0:0:
64,192,75361,1,0,0:0:0:0:
448,192,75542,1,0,0:0:0:0:
192,192,75542,1,0,0:0:0:0:
320,192,75722,1,0,0:0:0:0:
192,192,75903,1,0,0:0:0:0:
448,192,76084,1,0,0:0:0:0:
320,192,76265,1,0,0:0:0:0:
192,192,76355,1,0,0:0:0:0:
64,192,76445,1,0,0:0:0:0:
320,192,76626,1,0,0:0:0:0:
448,192,76807,1,0,0:0:0:0:
320,192,76987,1,0,0:0:0:0:
64,192,76987,1,0,0:0:0:0:
448,192,77168,1,0,0:0:0:0:
192,192,77349,1,0,0:0:0:0:
64,192,77439,1,0,0:0:0:0:
320,192,77530,1,0,0:0:0:0:
192,192,77710,1,0,0:0:0:0:
64,192,77801,1,0,0:0:0:0:
448,192,77891,1,0,0:0:0:0:
320,192,77981,1,0,0:0:0:0:
64,192,78072,1,0,0:0:0:0:
320,192,78162,1,0,0:0:0:0:
192,192,78253,1,0,0:0:0:0:
64,192,78343,1,0,0:0:0:0:
448,192,78433,1,0,0:0:0:0:
192,192,78433,1,0,0:0:0:0:
320,192,78614,1,0,0:0:0:0:
192,192,78795,1,0,0:0:0:0:
64,192,78975,1,0,0:0:0:0:
320,192,79156,1,0,0:0:0:0:
448,192,79156,1,0,0:0:0:0:
192,192,79156,1,0,0:0:0:0:
64,192,79337,1,0,0:0:0:0:
320,192,79518,1,0,0:0:0:0:
192,192,79698,1,0,0:0:0:0:
320,192,79879,1,0,0:0:0:0:
64,192,79879,1,0,0:0:0:0:
192,192,80060,1,0,0:0:0:0:
448,192,80240,1,0,0:0:0:0:
192,192,80421,1,0,0:0:0:0:
320,192,80602,1,0,0:0:0:0:
448,192,80783,1,0,0:0:0:0:
320,192,80963,1,0,0:0:0:0:
192,192,81144,1,0,0:0:0:0:
448,192,81325,1,0,0:0:0:0:
64,192,81325,1,0,0:0:0:0:
192,192,81506,1,0,0:0:0:0:
64,192,81686,1,0,0:0:0:0:
448,192,81777,1,0,0:0:0:0:
320,192,81867,1,0,0:0:0:0:
192,192,82048,1,0,0:0:0:0:
320,192,82228,1,0,0:0:0:0:
448,192,82409,1,0,0:0:0:0:
320,192,82590,1,0,0:0:0:0:
192,192,82771,1,0,0:0:0:0:
64,192,82951,1,0,0:0:0:0:
320,192,83132,1,0,0:0:0:0:
448,192,83313,1,0,0:0:0:0:
320,192,83493,1,0,0:0:0:0:
192,192,83584,1,0,0:0:0:0:
64,192,83674,1,0,0:0:0:0:
320,192,83855,1,0,0:0:0:0:
448,192,84036,1,0,0:0:0:0:
320,192,84216,1,0,0:0:0:0:
64,192,84216,1,0,0:0:0:0:
448,192,84307,1,0,0:0:0:0:
192,192,84397,1,0,0:0:0:0:
320,192,84578,1,0,0:0:0:0:
192,192,84668,1,0,0:0:0:0:
448,192,84759,1,0,0:0:0:0:
320,192,84939,128,0,85301:0:0:0:0:
192,192,85301,1,0,0:0:0:0:
64,192,85662,1,0,0:0:0:0:
192,192,85843,1,0,0:0:0:0:
448,192,86024,1,0,0:0:0:0:
320,192,86204,1,0,0:0:0:0:
192,192,86385,128,0,86746:0:0:0:0:
448,192,86746,1,0,0:0:0:0:
320,192,86927,1,0,0:0:0:0:
192,192,87108,1,0,0:0:0:0:
64,192,87289,1,0,0:0:0:0:
192,192,87469,1,0,0:0:0:0:
448,192,87650,1,0,0:0:0:0:
192,192,87831,128,0,88192:0:0:0:0:
320,192,88192,1,0,0:0:0:0:
448,192,88373,1,0,0:0:0:0:
320,192,88554,1,0,0:0:0:0:
192,192,88734,1,0,0:0:0:0:
64,192,88915,1,0,0:0:0:0:
192,192,89006,1,0,0:0:0:0:
448,192,89096,1,0,0:0:0:0:
320,192,89277,128,0,89638:0:0:0:0:
192,192,89638,1,0,0:0:0:0:
64,192,89728,1,0,0:0:0:0:
448,192,89819,1,0,0:0:0:0:
320,192,89999,1,0,0:0:0:0:
192,192,90180,1,0,0:0:0:0:
64,192,90361,1,0,0:0:0:0:
192,192,90542,1,0,0:0:0:0:
320,192,90722,128,0,91084:0:0:0:0:
192,192,91084,1,0,0:0:0:0:
64,192,91445,1,0,0:0:0:0:
320,192,91626,1,0,0:0:0:0:
448,192,91807,1,0,0:0:0:0:
320,192,91987,1,0,0:0:0:0:
192,192,92168,128,0,92530:0:0:0:0:
320,192,92530,1,0,0:0:0:0:
64,192,92710,1,0,0:0:0:0:
448,192,92891,1,0,0:0:0:0:
192,192,93072,1,0,0:0:0:0:
448,192,93253,1,0,0:0:0:0:
64,192,93433,1,0,0:0:0:0:
320,192,93614,1,0,0:0:0:0:
64,192,93975,1,0,0:0:0:0:
448,192,94337,1,0,0:0:0:0:
192,192,94518,1,0,0:0:0:0:
64,192,94698,1,0,0:0:0:0:
192,192,94879,1,0,0:0:0:0:
320,192,95060,1,0,0:0:0:0:
448,192,95240,1,0,0:0:0:0:
320,192,95421,1,0,0:0:0:0:
192,192,95602,1,0,0:0:0:0:
64,192,95783,1,0,0:0:0:0:
320,192,95783,1,0,0:0:0:0:
448,192,95963,1,0,0:0:0:0:
64,192,95963,1,0,0:0:0:0:
320,192,95963,1,0,0:0:0:0:
192,192,96144,1,0,0:0:0:0:
448,192,96325,1,0,0:0:0:0:
320,192,96325,1,0,0:0:0:0:
192,192,96415,1,0,0:0:0:0:
64,192,96415,1,0,0:0:0:0:
448,192,96506,128,0,96867:0:0:0:0:
320,192,96867,1,0,0:0:0:0:
320,192,97228,1,0,0:0:0:0:
64,192,97228,1,0,0:0:0:0:
192,192,97590,1,0,0:0:0:0:
320,192,97771,1,0,0:0:0:0:
448,192,97951,1,0,0:0:0:0:
192,192,98132,1,0,0:0:0:0:
64,192,98313,1,0,0:0:0:0:
320,192,98493,1,0,0:0:0:0:
448,192,98674,1,0,0:0:0:0:
64,192,98674,1,0,0:0:0:0:
320,192,98855,1,0,0:0:0:0:
448,192,98855,1,0,0:0:0:0:
192,192,98855,1,0,0:0:0:0:
192,192,99036,1,0,0:0:0:0:
320,192,99126,1,0,0:0:0:0:
448,192,99216,1,0,0:0:0:0:
320,192,99307,1,0,0:0:0:0:
192,192,99397,1,0,0:0:0:0:
64,192,99397,1,0,0:0:0:0:
448,192,99397,1,0,0:0:0:0:
320,192,99578,1,0,0:0:0:0:
448,192,99759,1,0,0:0:0:0:
320,192,99939,1,0,0:0:0:0:
192,192,100120,1,0,0:0:0:0:
64,192,100120,1,0,0:0:0:0:
320,192,100301,1,0,0:0:0:0:
64,192,100481,1,0,0:0:0:0:
192,192,100662,1,0,0:0:0:0:
64,192,100843,1,0,0:0:0:0:
192,192,101024,1,0,0:0:0:0:
448,192,101204,1,0,0:0:0:0:
320,192,101385,1,0,0:0:0:0:
192,192,101566,1,0,0:0:0:0:
448,192,101566,1,0,0:0:0:0:
64,192,101746,1,0,0:0:0:0:
320,192,101746,1,0,0:0:0:0:
448,192,101746,1,0,0:0:0:0:
192,192,101927,1,0,0:0:0:0:
320,192,102018,1,0,0:0:0:0:
448,192,102108,1,0,0:0:0:0:
320,192,102198,1,0,0:0:0:0:
192,192,102289,1,0,0:0:0:0:
448,192,102289,1,0,0:0:0:0:
64,192,102289,1,0,0:0:0:0:
320,192,102469,1,0,0:0:0:0:
192,192,102650,1,0,0:0:0:0:
64,192,102831,1,0,0:0:0:0:
192,192,103012,1,0,0:0:0:0:
320,192,103012,1,0,0:0:0:0:
64,192,103192,1,0,0:0:0:0:
448,192,103373,1,0,0:0:0:0:
192,192,103554,1,0,0:0:0:0:
320,192,103734,1,0,0:0:0:0:
448,192,103915,1,0,0:0:0:0:
192,192,104096,1,0,0:0:0:0:
320,192,104277,1,0,0:0:0:0:
192,192,104457,1,0,0:0:0:0:
448,192,104457,1,0,0:0:0:0:
64,192,104638,1,0,0:0:0:0:
320,192,104638,1,0,0:0:0:0:
448,192,104638,1,0,0:0:0:0:
192,192,104728,1,0,0:0:0:0:
448,192,104819,1,0,0:0:0:0:
192,192,104999,1,0,0:0:0:0:
320,192,105180,1,0,0:0:0:0:
448,192,105180,1,0,0:0:0:0:
64,192,105180,1,0,0:0:0:0:
192,192,105361,1,0,0:0:0:0:
320,192,105542,1,0,0:0:0:0:
192,192,105722,1,0,0:0:0:0:
320,192,105903,1,0,0:0:0:0:
64,192,105903,1,0,0:0:0:0:
448,192,106084,1,0,0:0:0:0:
192,192,106084,1,0,0:0:0:0:
320,192,106265,1,0,0:0:0:0:
448,192,106445,1,0,0:0:0:0:
192,192,106626,1,0,0:0:0:0:
64,192,106807,1,0,0:0:0:0:
320,192,106987,1,0,0:0:0:0:
448,192,106987,1,0,0:0:0:0:
64,192,106987,1,0,0:0:0:0:
192,192,107168,1,0,0:0:0:0:
320,192,107349,1,0,0:0:0:0:
192,192,107349,1,0,0:0:0:0:
64,192,107530,1,0,0:0:0:0:
448,192,107530,1,0,0:0:0:0:
320,192,107530,1,0,0:0:0:0:
192,192,107710,1,0,0:0:0:0:
64,192,107891,1,0,0:0:0:0:
192,192,107891,1,0,0:0:0:0:
320,192,107981,1,0,0:0:0:0:
448,192,107981,1,0,0:0:0:0:
192,192,108072,128,0,108433:0:0:0:0:
320,192,108433,1,0,0:0:0:0:
448,192,108795,1,0,0:0:0:0:
64,192,108795,1,0,0:0:0:0:
320,192,109156,1,0,0:0:0:0:
192,192,109337,1,0,0:0:0:0:
320,192,109518,1,0,0:0:0:0:
448,192,109879,1,0,0:0:0:0:
64,192,109879,1,0,0:0:0:0:
320,192,110060,1,0,0:0:0:0:
192,192,110150,1,0,0:0:0:0:
64,192,110240,1,0,0:0:0:0:
448,192,110240,1,0,0:0:0:0:
320,192,110421,1,0,0:0:0:0:
192,192,110602,1,0,0:0:0:0:
448,192,110783,1,0,0:0:0:0:
64,192,110963,1,0,0:0:0:0:
448,192,110963,1,0,0:0:0:0:
320,192,110963,1,0,0:0:0:0:
192,192,111325,1,0,0:0:0:0:
448,192,111686,1,0,0:0:0:0:
64,192,111686,1,0,0:0:0:0:
320,192,111867,1,0,0:0:0:0:
448,192,112048,1,0,0:0:0:0:
192,192,112228,1,0,0:0:0:0:
320,192,112409,1,0,0:0:0:0:
64,192,112771,1,0,0:0:0:0:
320,192,112771,1,0,0:0:0:0:
192,192,112951,1,0,0:0:0:0:
448,192,113132,1,0,0:0:0:0:
64,192,113132,1,0,0:0:0:0:
320,192,113313,1,0,0:0:0:0:
448,192,113313,1,0,0:0:0:0:
64,192,113313,1,0,0:0:0:0:
320,192,113493,1,0,0:0:0:0:
192,192,113674,1,0,0:0:0:0:
64,192,113855,128,0,114216:0:0:0:0:
320,192,113855,128,0,114216:0:0:0:0:
448,192,113855,128,0,114216:0:0:0:0:
192,192,114216,1,0,0:0:0:0:
448,192,114578,1,0,0:0:0:0:
192,192,114578,1,0,0:0:0:0:
320,192,114759,1,0,0:0:0:0:
448,192,114849,1,0,0:0:0:0:
192,192,114939,1,0,0:0:0:0:
64,192,115030,1,0,0:0:0:0:
320,192,115120,1,0,0:0:0:0:
448,192,115210,1,0,0:0:0:0:
192,192,115301,1,0,0:0:0:0:
64,192,115662,128,0,115843:0:0:0:0:
448,192,115662,128,0,115843:0:0:0:0:
320,192,115843,1,0,0:0:0:0:
64,192,116024,1,0,0:0:0:0:
448,192,116024,1,0,0:0:0:0:
64,192,116204,1,0,0:0:0:0:
192,192,116204,1,0,0:0:0:0:
448,192,116204,1,0,0:0:0:0:
320,192,116385,1,0,0:0:0:0:
192,192,116566,1,0,0:0:0:0:
448,192,116746,1,0,0:0:0:0:
320,192,116746,1,0,0:0:0:0:
64,192,116746,1,0,0:0:0:0:
192,192,116927,1,0,0:0:0:0:
64,192,117108,1,0,0:0:0:0:
448,192,117289,1,0,0:0:0:0:
320,192,117469,1,0,0:0:0:0:
64,192,117469,1,0,0:0:0:0:
448,192,117650,1,0,0:0:0:0:
320,192,117831,1,0,0:0:0:0:
192,192,118012,1,0,0:0:0:0:
64,192,118192,1,0,0:0:0:0:
448,192,118554,1,0,0:0:0:0:
320,192,118554,1,0,0:0:0:0:
64,192,118554,1,0,0:0:0:0:
192,192,118734,1,0,0:0:0:0:
320,192,118915,1,0,0:0:0:0:
448,192,118915,1,0,0:0:0:0:
448,192,119096,1,0,0:0:0:0:
320,192,119096,1,0,0:0:0:0:
64,192,119096,1,0,0:0:0:0:
192,192,119277,1,0,0:0:0:0:
448,192,119457,1,0,0:0:0:0:
320,192,119457,1,0,0:0:0:0:
64,192,119548,1,0,0:0:0:0:
192,192,119548,1,0,0:0:0:0:
448,192,119638,1,0,0:0:0:0:
320,192,119819,1,0,0:0:0:0:
64,192,119909,1,0,0:0:0:0:
448,192,119999,1,0,0:0:0:0:
192,192,120180,1,0,0:0:0:0:
64,192,120361,1,0,0:0:0:0:
448,192,120361,1,0,0:0:0:0:
320,192,120542,1,0,0:0:0:0:
192,192,120632,1,0,0:0:0:0:
64,192,120722,1,0,0:0:0:0:
320,192,120903,1,0,0:0:0:0:
448,192,121084,1,0,0:0:0:0:
320,192,121265,1,0,0:0:0:0:
192,192,121445,1,0,0:0:0:0:
320,192,121626,1,0,0:0:0:0:
448,192,121807,1,0,0:0:0:0:
64,192,121807,1,0,0:0:0:0:
192,192,121987,1,0,0:0:0:0:
448,192,121987,1,0,0:0:0:0:
64,192,121987,1,0,0:0:0:0:
320,192,122078,1,0,0:0:0:0:
192,192,122168,1,0,0:0:0:0:
64,192,122349,1,0,0:0:0:0:
192,192,122530,1,0,0:0:0:0:
448,192,122710,1,0,0:0:0:0:
192,192,122801,1,0,0:0:0:0:
320,192,122891,1,0,0:0:0:0:
448,192,122891,1,0,0:0:0:0:
64,192,122891,1,0,0:0:0:0:
64,192,123072,1,0,0:0:0:0:
320,192,123072,1,0,0:0:0:0:
448,192,123072,1,0,0:0:0:0:
192,192,123253,1,0,0:0:0:0:
448,192,123253,1,0,0:0:0:0:
64,192,123433,1,0,0:0:0:0:
320,192,123614,1,0,0:0:0:0:
448,192,123795,1,0,0:0:0:0:
320,192,123975,1,0,0:0:0:0:
192,192,123975,1,0,0:0:0:0:
448,192,124156,1,0,0:0:0:0:
64,192,124246,1,0,0:0:0:0:
192,192,124337,1,0,0:0:0:0:
320,192,124518,1,0,0:0:0:0:
448,192,124698,1,0,0:0:0:0:
64,192,124698,1,0,0:0:0:0:
320,192,124879,1,0,0:0:0:0:
192,192,125060,1,0,0:0:0:0:
448,192,125240,1,0,0:0:0:0:
192,192,125421,1,0,0:0:0:0:
448,192,125602,1,0,0:0:0:0:
320,192,125783,1,0,0:0:0:0:
64,192,125783,1,0,0:0:0:0:
448,192,125783,1,0,0:0:0:0:
192,192,125963,1,0,0:0:0:0:
320,192,126054,1,0,0:0:0:0:
64,192,126144,1,0,0:0:0:0:
448,192,126144,1,0,0:0:0:0:
320,192,126325,1,0,0:0:0:0:
192,192,126506,1,0,0:0:0:0:
64,192,126686,1,0,0:0:0:0:
320,192,126867,1,0,0:0:0:0:
448,192,127048,1,0,0:0:0:0:
64,192,127228,1,0,0:0:0:0:
192,192,127409,1,0,0:0:0:0:
64,192,127590,1,0,0:0:0:0:
320,192,127590,1,0,0:0:0:0:
192,192,127771,1,0,0:0:0:0:
448,192,127951,1,0,0:0:0:0:
192,192,128132,1,0,0:0:0:0:
448,192,128313,1,0,0:0:0:0:
192,192,128493,1,0,0:0:0:0:
448,192,128674,1,0,0:0:0:0:
64,192,128674,1,0,0:0:0:0:
320,192,128674,1,0,0:0:0:0:
448,192,128855,1,0,0:0:0:0:
320,192,128855,1,0,0:0:0:0:
192,192,128855,1,0,0:0:0:0:
64,192,129036,1,0,0:0:0:0:
192,192,129036,1,0,0:0:0:0:
320,192,129216,1,0,0:0:0:0:
192,192,129397,1,0,0:0:0:0:
64,192,129397,1,0,0:0:0:0:
320,192,129578,1,0,0:0:0:0:
192,192,129668,1,0,0:0:0:0:
64,192,129759,1,0,0:0:0:0:
192,192,129939,1,0,0:0:0:0:
64,192,130120,1,0,0:0:0:0:
192,192,130301,1,0,0:0:0:0:
320,192,130481,1,0,0:0:0:0:
64,192,130481,1,0,0:0:0:0:
448,192,130662,1,0,0:0:0:0:
192,192,130843,1,0,0:0:0:0:
320,192,131024,1,0,0:0:0:0:
448,192,131204,1,0,0:0:0:0:
192,192,131204,1,0,0:0:0:0:
64,192,131204,1,0,0:0:0:0:
320,192,131385,1,0,0:0:0:0:
64,192,131566,1,0,0:0:0:0:
320,192,131746,1,0,0:0:0:0:
448,192,131927,1,0,0:0:0:0:
64,192,131927,1,0,0:0:0:0:
320,192,132108,1,0,0:0:0:0:
192,192,132289,1,0,0:0:0:0:
448,192,132469,1,0,0:0:0:0:
320,192,132650,1,0,0:0:0:0:
192,192,132831,1,0,0:0:0:0:
448,192,133012,1,0,0:0:0:0:
192,192,133192,1,0,0:0:0:0:
448,192,133373,1,0,0:0:0:0:
64,192,133373,1,0,0:0:0:0:
448,192,133554,1,0,0:0:0:0:
64,192,133554,1,0,0:0:0:0:
320,192,133554,1,0,0:0:0:0:
192,192,133644,1,0,0:0:0:0:
320,192,133734,1,0,0:0:0:0:
448,192,133825,1,0,0:0:0:0:
64,192,133915,1,0,0:0:0:0:
320,192,134006,1,0,0:0:0:0:
448,192,134096,1,0,0:0:0:0:
192,192,134096,1,0,0:0:0:0:
64,192,134096,1,0,0:0:0:0:
320,192,134277,1,0,0:0:0:0:
64,192,134457,1,0,0:0:0:0:
320,192,134638,1,0,0:0:0:0:
448,192,134819,1,0,0:0:0:0:
64,192,134819,1,0,0:0:0:0:
320,192,134999,1,0,0:0:0:0:
192,192,135180,1,0,0:0:0:0:
320,192,135361,1,0,0:0:0:0:
448,192,135542,1,0,0:0:0:0:
320,192,135722,1,0,0:0:0:0:
192,192,135813,1,0,0:0:0:0:
64,192,135903,1,0,0:0:0:0:
320,192,136084,1,0,0:0:0:0:
64,192,136265,1,0,0:0:0:0:
320,192,136265,1,0,0:0:0:0:
448,192,136445,1,0,0:0:0:0:
192,192,136445,1,0,0:0:0:0:
64,192,136445,1,0,0:0:0:0:
320,192,136626,1,0,0:0:0:0:
192,192,136807,1,0,0:0:0:0:
64,192,136987,1,0,0:0:0:0:
320,192,136987,1,0,0:0:0:0:
448,192,136987,1,0,0:0:0:0:
192,192,137168,1,0,0:0:0:0:
320,192,137349,1,0,0:0:0:0:
448,192,137530,1,0,0:0:0:0:
192,192,137710,1,0,0:0:0:0:
320,192,137710,1,0,0:0:0:0:
64,192,137891,1,0,0:0:0:0:
320,192,138072,1,0,0:0:0:0:
448,192,138253,1,0,0:0:0:0:
320,192,138433,1,0,0:0:0:0:
192,192,138614,1,0,0:0:0:0:
448,192,138795,1,0,0:0:0:0:
64,192,138795,1,0,0:0:0:0:
320,192,138975,1,0,0:0:0:0:
448,192,139156,1,0,0:0:0:0:
192,192,139156,1,0,0:0:0:0:
64,192,139337,1,0,0:0:0:0:
320,192,139518,1,0,0:0:0:0:
448,192,139698,1,0,0:0:0:0:
192,192,139879,1,0,0:0:0:0:
64,192,139879,1,0,0:0:0:0:
320,192,139879,1,0,0:0:0:0:
448,192,140060,1,0,0:0:0:0:
192,192,140240,1,0,0:0:0:0:
64,192,140421,1,0,0:0:0:0:
320,192,140602,1,0,0:0:0:0:
448,192,140783,1,0,0:0:0:0:
320,192,140963,1,0,0:0:0:0:
64,192,141144,1,0,0:0:0:0:
192,192,141325,1,0,0:0:0:0:
320,192,141506,1,0,0:0:0:0:
448,192,141686,1,0,0:0:0:0:
192,192,141867,1,0,0:0:0:0:
320,192,142048,1,0,0:0:0:0:
64,192,142048,1,0,0:0:0:0:
448,192,142228,1,0,0:0:0:0:
320,192,142228,1,0,0:0:0:0:
64,192,142228,1,0,0:0:0:0:
192,192,142409,1,0,0:0:0:0:
64,192,142590,1,0,0:0:0:0:
192,192,142590,1,0,0:0:0:0:
320,192,142680,1,0,0:0:0:0:
448,192,142680,1,0,0:0:0:0:
192,192,142771,128,0,143222:0:0:0:0:
64,192,142771,128,0,143222:0:0:0:0:
448,192,143132,1,0,0:0:0:0:
320,192,143222,1,0,0:0:0:0:
448,192,143313,1,0,0:0:0:0:
320,192,143403,1,0,0:0:0:0:
192,192,143493,1,0,0:0:0:0:
64,192,143493,1,0,0:0:0:0:
448,192,143855,1,0,0:0:0:0:
320,192,143945,1,0,0:0:0:0:
192,192,144036,1,0,0:0:0:0:
64,192,144126,1,0,0:0:0:0:
192,192,144216,1,0,0:0:0:0:
320,192,144307,1,0,0:0:0:0:
448,192,144397,1,0,0:0:0:0:
320,192,144487,1,0,0:0:0:0:
64,192,144578,1,0,0:0:0:0:
192,192,144668,1,0,0:0:0:0:
320,192,144759,1,0,0:0:0:0:
192,192,144849,1,0,0:0:0:0:
64,192,144939,1,0,0:0:0:0:
448,192,144939,1,0,0:0:0:0:
320,192,145301,1,0,0:0:0:0:
192,192,145391,1,0,0:0:0:0:
448,192,145481,1,0,0:0:0:0:
320,192,145572,1,0,0:0:0:0:
192,192,145662,1,0,0:0:0:0:
64,192,145753,1,0,0:0:0:0:
192,192,145843,1,0,0:0:0:0:
320,192,145933,1,0,0:0:0:0:
448,192,146024,1,0,0:0:0:0:
192,192,146295,1,0,0:0:0:0:
64,192,146385,1,0,0:0:0:0:
448,192,146385,1,0,0:0:0:0:
320,192,146475,1,0,0:0:0:0:
192,192,146566,1,0,0:0:0:0:
64,192,146656,1,0,0:0:0:0:
192,192,146746,1,0,0:0:0:0:
320,192,146837,1,0,0:0:0:0:
448,192,146927,1,0,0:0:0:0:
192,192,147018,1,0,0:0:0:0:
64,192,147108,1,0,0:0:0:0:
448,192,147469,1,0,0:0:0:0:
64,192,147469,1,0,0:0:0:0:
320,192,147560,1,0,0:0:0:0:
192,192,147650,1,0,0:0:0:0:
64,192,147740,1,0,0:0:0:0:
448,192,147831,1,0,0:0:0:0:
320,192,147831,1,0,0:0:0:0:
192,192,147921,1,0,0:0:0:0:
64,192,148012,1,0,0:0:0:0:
192,192,148102,1,0,0:0:0:0:
320,192,148192,1,0,0:0:0:0:
448,192,148373,1,0,0:0:0:0:
320,192,148554,1,0,0:0:0:0:
192,192,148644,1,0,0:0:0:0:
64,192,148734,1,0,0:0:0:0:
320,192,148825,1,0,0:0:0:0:
448,192,148915,1,0,0:0:0:0:
64,192,148915,1,0,0:0:0:0:
448,192,149096,1,0,0:0:0:0:
320,192,149186,1,0,0:0:0:0:
192,192,149277,1,0,0:0:0:0:
64,192,149367,1,0,0:0:0:0:
192,192,149457,1,0,0:0:0:0:
320,192,149548,1,0,0:0:0:0:
448,192,149638,1,0,0:0:0:0:
320,192,149728,1,0,0:0:0:0:
192,192,149819,1,0,0:0:0:0:
448,192,149909,1,0,0:0:0:0:
64,192,149999,1,0,0:0:0:0:
320,192,150180,1,0,0:0:0:0:
192,192,150271,1,0,0:0:0:0:
448,192,150361,1,0,0:0:0:0:
64,192,150361,1,0,0:0:0:0:
320,192,150451,1,0,0:0:0:0:
192,192,150542,1,0,0:0:0:0:
64,192,150632,1,0,0:0:0:0:
192,192,150722,1,0,0:0:0:0:
320,192,150722,1,0,0:0:0:0:
448,192,150813,1,0,0:0:0:0:
320,192,150903,1,0,0:0:0:0:
192,192,150993,1,0,0:0:0:0:
64,192,151084,1,0,0:0:0:0:
320,192,151174,1,0,0:0:0:0:
448,192,151265,1,0,0:0:0:0:
192,192,151355,1,0,0:0:0:0:
320,192,151445,1,0,0:0:0:0:
192,192,151536,1,0,0:0:0:0:
64,192,151626,1,0,0:0:0:0:
320,192,151716,1,0,0:0:0:0:
448,192,151807,1,0,0:0:0:0:
64,192,151807,1,0,0:0:0:0:
192,192,151987,1,0,0:0:0:0:
320,192,152078,1,0,0:0:0:0:
192,192,152168,1,0,0:0:0:0:
448,192,152168,1,0,0:0:0:0:
320,192,152349,1,0,0:0:0:0:
64,192,152349,1,0,0:0:0:0:
448,192,152439,1,0,0:0:0:0:
192,192,152530,1,0,0:0:0:0:
320,192,152620,1,0,0:0:0:0:
448,192,152710,1,0,0:0:0:0:
64,192,152801,1,0,0:0:0:0:
192,192,152891,1,0,0:0:0:0:
320,192,153072,1,0,0:0:0:0:
448,192,153162,1,0,0:0:0:0:
320,192,153253,1,0,0:0:0:0:
64,192,153343,1,0,0:0:0:0:
192,192,153433,1,0,0:0:0:0:
320,192,153524,1,0,0:0:0:0:
448,192,153614,1,0,0:0:0:0:
192,192,153614,1,0,0:0:0:0:
64,192,153704,1,0,0:0:0:0:
320,192,153795,1,0,0:0:0:0:
448,192,153885,1,0,0:0:0:0:
320,192,153975,128,0,154156:0:0:0:0:
192,192,154156,128,0,154337:0:0:0:0:
64,192,154337,1,0,0:0:0:0:
448,192,154427,1,0,0:0:0:0:
192,192,154518,1,0,0:0:0:0:
320,192,154608,1,0,0:0:0:0:
192,192,154698,1,0,0:0:0:0:
448,192,154789,1,0,0:0:0:0:
320,192,154879,1,0,0:0:0:0:
192,192,154969,1,0,0:0:0:0:
64,192,155060,1,0,0:0:0:0:
320,192,155060,1,0,0:0:0:0:
448,192,155150,1,0,0:0:0:0:
192,192,155240,1,0,0:0:0:0:
448,192,155421,1,0,0:0:0:0:
320,192,155512,1,0,0:0:0:0:
192,192,155692,1,0,0:0:0:0:
64,192,155783,1,0,0:0:0:0:
192,192,155873,1,0,0:0:0:0:
320,192,155963,1,0,0:0:0:0:
448,192,156054,1,0,0:0:0:0:
320,192,156144,1,0,0:0:0:0:
192,192,156144,1,0,0:0:0:0:
64,192,156234,1,0,0:0:0:0:
192,192,156325,1,0,0:0:0:0:
320,192,156506,1,0,0:0:0:0:
448,192,156506,1,0,0:0:0:0:
192,192,156596,1,0,0:0:0:0:
64,192,156686,1,0,0:0:0:0:
192,192,156777,1,0,0:0:0:0:
448,192,156867,1,0,0:0:0:0:
320,192,156957,1,0,0:0:0:0:
64,192,157048,1,0,0:0:0:0:
192,192,157138,1,0,0:0:0:0:
320,192,157228,1,0,0:0:0:0:
448,192,157228,1,0,0:0:0:0:
64,192,157228,1,0,0:0:0:0:
192,192,157319,1,0,0:0:0:0:
320,192,157409,1,0,0:0:0:0:
448,192,157499,1,0,0:0:0:0:
64,192,157590,1,0,0:0:0:0:
192,192,157590,1,0,0:0:0:0:
448,192,157680,1,0,0:0:0:0:
320,192,157771,1,0,0:0:0:0:
448,192,157951,1,0,0:0:0:0:
192,192,157951,1,0,0:0:0:0:
64,192,158042,1,0,0:0:0:0:
320,192,158132,1,0,0:0:0:0:
64,192,158313,1,0,0:0:0:0:
192,192,158403,1,0,0:0:0:0:
320,192,158493,1,0,0:0:0:0:
448,192,158584,1,0,0:0:0:0:
320,192,158674,1,0,0:0:0:0:
192,192,158765,1,0,0:0:0:0:
64,192,158855,1,0,0:0:0:0:
192,192,158945,1,0,0:0:0:0:
320,192,159036,1,0,0:0:0:0:
64,192,159036,1,0,0:0:0:0:
448,192,159126,1,0,0:0:0:0:
320,192,159216,1,0,0:0:0:0:
192,192,159307,1,0,0:0:0:0:
320,192,159397,1,0,0:0:0:0:
448,192,159397,1,0,0:0:0:0:
192,192,159487,1,0,0:0:0:0:
64,192,159578,1,0,0:0:0:0:
320,192,159668,1,0,0:0:0:0:
448,192,159759,1,0,0:0:0:0:
320,192,159849,1,0,0:0:0:0:
192,192,159939,1,0,0:0:0:0:
64,192,160030,1,0,0:0:0:0:
192,192,160120,1,0,0:0:0:0:
320,192,160301,1,0,0:0:0:0:
448,192,160391,1,0,0:0:0:0:
320,192,160481,1,0,0:0:0:0:
192,192,160572,1,0,0:0:0:0:
64,192,160662,1,0,0:0:0:0:
192,192,160753,1,0,0:0:0:0:
320,192,160843,1,0,0:0:0:0:
448,192,160933,1,0,0:0:0:0:
320,192,161024,1,0,0:0:0:0:
192,192,161114,1,0,0:0:0:0:
64,192,161204,1,0,0:0:0:0:
192,192,161295,1,0,0:0:0:0:
320,192,161385,1,0,0:0:0:0:
448,192,161475,1,0,0:0:0:0:
320,192,161566,1,0,0:0:0:0:
192,192,161656,1,0,0:0:0:0:
64,192,161746,1,0,0:0:0:0:
192,192,161837,1,0,0:0:0:0:
448,192,161927,1,0,0:0:0:0:
320,192,161927,1,0,0:0:0:0:
192,192,162018,1,0,0:0:0:0:
448,192,162108,1,0,0:0:0:0:
64,192,162198,1,0,0:0:0:0:
192,192,162289,1,0,0:0:0:0:
320,192,162289,1,0,0:0:0:0:
64,192,162379,1,0,0:0:0:0:
192,192,162469,1,0,0:0:0:0:
448,192,162650,1,0,0:0:0:0:
320,192,162740,1,0,0:0:0:0:
192,192,162831,1,0,0:0:0:0:
320,192,162921,1,0,0:0:0:0:
64,192,163102,1,0,0:0:0:0:
448,192,163102,1,0,0:0:0:0:
192,192,163192,1,0,0:0:0:0:
320,192,163283,1,0,0:0:0:0:
448,192,163373,1,0,0:0:0:0:
64,192,163463,1,0,0:0:0:0:
192,192,163554,1,0,0:0:0:0:
320,192,163644,1,0,0:0:0:0:
448,192,163734,1,0,0:0:0:0:
64,192,163734,1,0,0:0:0:0:
64,192,163915,1,0,0:0:0:0:
192,192,163915,1,0,0:0:0:0:
320,192,164006,1,0,0:0:0:0:
448,192,164096,1,0,0:0:0:0:
320,192,164186,1,0,0:0:0:0:
192,192,164277,1,0,0:0:0:0:
64,192,164367,1,0,0:0:0:0:
192,192,164457,1,0,0:0:0:0:
320,192,164548,1,0,0:0:0:0:
448,192,164638,1,0,0:0:0:0:
192,192,164728,1,0,0:0:0:0:
320,192,164819,1,0,0:0:0:0:
448,192,164909,1,0,0:0:0:0:
64,192,164999,1,0,0:0:0:0:
192,192,165090,1,0,0:0:0:0:
64,192,165180,1,0,0:0:0:0:
448,192,165180,1,0,0:0:0:0:
320,192,165271,1,0,0:0:0:0:
192,192,165361,1,0,0:0:0:0:
64,192,165451,1,0,0:0:0:0:
192,192,165542,1,0,0:0:0:0:
320,192,165632,1,0,0:0:0:0:
448,192,165722,1,0,0:0:0:0:
64,192,165813,1,0,0:0:0:0:
192,192,165903,1,0,0:0:0:0:
448,192,166265,128,0,166987:0:0:0:0:
64,192,166626,1,0,0:0:0:0:
192,192,166897,1,0,0:0:0:0:
320,192,166987,1,0,0:0:0:0:
192,192,167078,1,0,0:0:0:0:
64,192,167168,1,0,0:0:0:0:
448,192,167349,1,0,0:0:0:0:
192,192,167530,1,0,0:0:0:0:
448,192,167710,1,0,0:0:0:0:
320,192,167891,1,0,0:0:0:0:
192,192,167981,1,0,0:0:0:0:
64,192,168072,1,0,0:0:0:0:
320,192,168253,1,0,0:0:0:0:
448,192,168433,1,0,0:0:0:0:
320,192,168524,1,0,0:0:0:0:
192,192,168614,1,0,0:0:0:0:
64,192,168704,1,0,0:0:0:0:
192,192,168795,1,0,0:0:0:0:
320,192,168885,1,0,0:0:0:0:
448,192,168975,1,0,0:0:0:0:
320,192,169156,1,0,0:0:0:0:
64,192,169337,1,0,0:0:0:0:
192,192,169427,1,0,0:0:0:0:
320,192,169518,1,0,0:0:0:0:
448,192,169698,1,0,0:0:0:0:
192,192,169879,1,0,0:0:0:0:
320,192,169969,1,0,0:0:0:0:
64,192,170060,1,0,0:0:0:0:
320,192,170240,1,0,0:0:0:0:
448,192,170421,1,0,0:0:0:0:
320,192,170512,1,0,0:0:0:0:
192,192,170602,1,0,0:0:0:0:
64,192,170783,1,0,0:0:0:0:
448,192,170873,1,0,0:0:0:0:
320,192,170963,1,0,0:0:0:0:
192,192,171144,1,0,0:0:0:0:
64,192,171325,1,0,0:0:0:0:
192,192,171415,1,0,0:0:0:0:
320,192,171506,1,0,0:0:0:0:
448,192,171686,1,0,0:0:0:0:
192,192,171777,1,0,0:0:0:0:
64,192,171867,1,0,0:0:0:0:
192,192,171957,1,0,0:0:0:0:
320,192,172048,1,0,0:0:0:0:
448,192,172138,1,0,0:0:0:0:
320,192,172228,1,0,0:0:0:0:
64,192,172409,1,0,0:0:0:0:
320,192,172590,1,0,0:0:0:0:
192,192,172771,1,0,0:0:0:0:
320,192,172861,1,0,0:0:0:0:
448,192,172951,1,0,0:0:0:0:
320,192,173042,1,0,0:0:0:0:
192,192,173132,1,0,0:0:0:0:
64,192,173222,1,0,0:0:0:0:
192,192,173313,1,0,0:0:0:0:
320,192,173403,1,0,0:0:0:0:
448,192,173493,1,0,0:0:0:0:
320,192,173584,1,0,0:0:0:0:
192,192,173674,1,0,0:0:0:0:
64,192,173855,1,0,0:0:0:0:
320,192,174036,1,0,0:0:0:0:
448,192,174216,1,0,0:0:0:0:
320,192,174397,1,0,0:0:0:0:
192,192,174487,1,0,0:0:0:0:
64,192,174578,1,0,0:0:0:0:
448,192,174759,1,0,0:0:0:0:
320,192,174939,1,0,0:0:0:0:
192,192,175030,1,0,0:0:0:0:
64,192,175120,1,0,0:0:0:0:
448,192,175301,1,0,0:0:0:0:
64,192,175481,1,0,0:0:0:0:
192,192,175572,1,0,0:0:0:0:
320,192,175662,1,0,0:0:0:0:
448,192,175843,1,0,0:0:0:0:
320,192,176024,1,0,0:0:0:0:
192,192,176204,1,0,0:0:0:0:
64,192,176295,1,0,0:0:0:0:
192,192,176385,1,0,0:0:0:0:
320,192,176475,1,0,0:0:0:0:
448,192,176566,1,0,0:0:0:0:
320,192,176656,1,0,0:0:0:0:
192,192,176746,1,0,0:0:0:0:
64,192,176927,1,0,0:0:0:0:
192,192,177018,1,0,0:0:0:0:
320,192,177108,1,0,0:0:0:0:
320,192,177469,128,0,178012:0:0:0:0:
448,192,178192,1,0,0:0:0:0:
64,192,178192,1,0,0:0:0:0:
320,192,178554,1,0,0:0:0:0:
192,192,178734,1,0,0:0:0:0:
64,192,178915,1,0,0:0:0:0:
192,192,179006,1,0,0:0:0:0:
320,192,179096,1,0,0:0:0:0:
448,192,179186,1,0,0:0:0:0:
320,192,179277,1,0,0:0:0:0:
192,192,179367,1,0,0:0:0:0:
64,192,179457,1,0,0:0:0:0:
192,192,179548,1,0,0:0:0:0:
448,192,179548,1,0,0:0:0:0:
320,192,179638,1,0,0:0:0:0:
448,192,179728,1,0,0:0:0:0:
320,192,179819,1,0,0:0:0:0:
192,192,179909,1,0,0:0:0:0:
64,192,179999,1,0,0:0:0:0:
192,192,180090,1,0,0:0:0:0:
320,192,180180,1,0,0:0:0:0:
448,192,180271,1,0,0:0:0:0:
192,192,180361,1,0,0:0:0:0:
64,192,180451,1,0,0:0:0:0:
448,192,180542,1,0,0:0:0:0:
192,192,180632,1,0,0:0:0:0:
64,192,180722,1,4,0:0:0:0:
320,192,180722,1,4,0:0:0:0:
448,192,180813,1,0,0:0:0:0:
192,192,180903,1,4,0:0:0:0:
320,192,180903,1,4,0:0:0:0:
64,192,180993,1,0,0:0:0:0:
320,192,181084,1,4,0:0:0:0:
192,192,181084,1,4,0:0:0:0:
448,192,181174,1,0,0:0:0:0:
64,192,181265,1,0,0:0:0:0:
192,192,181355,1,0,0:0:0:0:
320,192,181445,1,0,0:0:0:0:
448,192,181536,1,0,0:0:0:0:
320,192,181626,1,0,0:0:0:0:
192,192,181716,1,0,0:0:0:0:
64,192,181807,1,0,0:0:0:0:
192,192,181897,1,0,0:0:0:0:
320,192,181987,1,0,0:0:0:0:
448,192,182078,1,0,0:0:0:0:
320,192,182168,1,0,0:0:0:0:
192,192,182259,1,0,0:0:0:0:
64,192,182349,1,0,0:0:0:0:
192,192,182439,1,0,0:0:0:0:
320,192,182530,1,0,0:0:0:0:
64,192,182530,1,0,0:0:0:0:
448,192,182620,1,0,0:0:0:0:
320,192,182710,1,0,0:0:0:0:
192,192,182801,1,0,0:0:0:0:
64,192,182891,1,0,0:0:0:0:
192,192,182981,1,0,0:0:0:0:
320,192,183072,1,0,0:0:0:0:
448,192,183162,1,0,0:0:0:0:
192,192,183253,1,0,0:0:0:0:
320,192,183343,1,0,0:0:0:0:
64,192,183433,1,0,0:0:0:0:
192,192,183524,1,0,0:0:0:0:
320,192,183614,1,4,0:0:0:0:
64,192,183614,1,4,0:0:0:0:
448,192,183614,1,4,0:0:0:0:
192,192,183704,1,0,0:0:0:0:
320,192,183795,1,0,0:0:0:0:
448,192,183885,1,0,0:0:0:0:
320,192,183975,1,0,0:0:0:0:
64,192,183975,1,0,0:0:0:0:
192,192,184066,1,0,0:0:0:0:
64,192,184156,1,0,0:0:0:0:
192,192,184246,1,0,0:0:0:0:
320,192,184337,1,0,0:0:0:0:
448,192,184427,1,0,0:0:0:0:
320,192,184518,1,0,0:0:0:0:
192,192,184608,5,0,0:0:0:0:
64,192,184698,1,0,0:0:0:0:
192,192,184789,1,0,0:0:0:0:
320,192,184879,1,0,0:0:0:0:
448,192,184969,1,0,0:0:0:0:
320,192,185060,1,0,0:0:0:0:
192,192,185150,1,0,0:0:0:0:
64,192,185240,1,0,0:0:0:0:
192,192,185331,1,0,0:0:0:0:
320,192,185421,1,0,0:0:0:0:
64,192,185421,1,0,0:0:0:0:
448,192,185512,1,0,0:0:0:0:
320,192,185602,1,0,0:0:0:0:
192,192,185692,1,0,0:0:0:0:
64,192,185783,1,0,0:0:0:0:
192,192,185873,1,0,0:0:0:0:
320,192,185963,1,0,0:0:0:0:
448,192,186054,1,0,0:0:0:0:
192,192,186144,1,0,0:0:0:0:
448,192,186234,1,0,0:0:0:0:
320,192,186325,1,0,0:0:0:0:
192,192,186415,1,0,0:0:0:0:
448,192,186506,1,4,0:0:0:0:
320,192,186506,1,4,0:0:0:0:
64,192,186596,1,0,0:0:0:0:
192,192,186686,1,4,0:0:0:0:
320,192,186686,1,4,0:0:0:0:
448,192,186777,1,0,0:0:0:0:
192,192,186867,1,4,0:0:0:0:
64,192,186867,1,4,0:0:0:0:
320,192,186957,1,0,0:0:0:0:
64,192,187048,1,0,0:0:0:0:
448,192,187138,1,0,0:0:0:0:
320,192,187228,1,0,0:0:0:0:
192,192,187319,1,0,0:0:0:0:
320,192,187409,1,0,0:0:0:0:
192,192,187499,1,0,0:0:0:0:
64,192,187590,1,0,0:0:0:0:
192,192,187680,1,0,0:0:0:0:
320,192,187771,1,0,0:0:0:0:
448,192,187861,1,0,0:0:0:0:
320,192,187951,1,0,0:0:0:0:
192,192,188042,1,0,0:0:0:0:
64,192,188132,1,0,0:0:0:0:
192,192,188222,1,0,0:0:0:0:
320,192,188313,1,0,0:0:0:0:
64,192,188313,1,0,0:0:0:0:
448,192,188403,1,0,0:0:0:0:
320,192,188493,1,0,0:0:0:0:
192,192,188584,1,0,0:0:0:0:
64,192,188674,1,0,0:0:0:0:
192,192,188765,1,0,0:0:0:0:
320,192,188855,1,0,0:0:0:0:
320,192,189036,1,0,0:0:0:0:
448,192,189126,1,0,0:0:0:0:
192,192,189216,1,0,0:0:0:0:
64,192,189307,1,0,0:0:0:0:
320,192,189397,1,0,0:0:0:0:
448,192,189487,1,0,0:0:0:0:
320,192,189578,1,0,0:0:0:0:
448,192,189668,1,0,0:0:0:0:
192,192,189668,1,0,0:0:0:0:
64,192,189759,1,0,0:0:0:0:
192,192,189849,1,0,0:0:0:0:
320,192,189939,1,0,0:0:0:0:
448,192,190030,1,0,0:0:0:0:
64,192,190120,1,0,0:0:0:0:
320,192,190210,1,0,0:0:0:0:
192,192,190301,1,0,0:0:0:0:
64,192,190391,1,0,0:0:0:0:
320,192,190481,1,0,0:0:0:0:
448,192,190572,1,0,0:0:0:0:
64,192,190662,1,0,0:0:0:0:
192,192,190753,1,0,0:0:0:0:
320,192,190843,1,0,0:0:0:0:
448,192,190933,1,0,0:0:0:0:
320,192,191024,1,0,0:0:0:0:
192,192,191114,1,0,0:0:0:0:
64,192,191204,1,0,0:0:0:0:
320,192,191204,1,0,0:0:0:0:
448,192,191295,1,0,0:0:0:0:
192,192,191385,1,0,0:0:0:0:
320,192,191475,1,0,0:0:0:0:
64,192,191566,1,0,0:0:0:0:
192,192,191656,1,0,0:0:0:0:
320,192,191746,1,0,0:0:0:0:
64,192,191837,1,0,0:0:0:0:
448,192,191927,1,0,0:0:0:0:
320,192,192018,1,0,0:0:0:0:
192,192,192108,1,0,0:0:0:0:
448,192,192198,1,0,0:0:0:0:
192,192,192289,1,4,0:0:0:0:
64,192,192289,1,4,0:0:0:0:
320,192,192379,1,0,0:0:0:0:
64,192,192469,1,4,0:0:0:0:
448,192,192469,1,4,0:0:0:0:
192,192,192560,1,0,0:0:0:0:
448,192,192650,1,4,0:0:0:0:
320,192,192650,1,4,0:0:0:0:
64,192,192740,1,0,0:0:0:0:
192,192,192831,1,0,0:0:0:0:
320,192,192921,1,0,0:0:0:0:
448,192,193012,1,0,0:0:0:0:
320,192,193102,1,0,0:0:0:0:
192,192,193192,1,0,0:0:0:0:
64,192,193283,1,0,0:0:0:0:
192,192,193373,1,0,0:0:0:0:
320,192,193463,1,0,0:0:0:0:
448,192,193554,1,0,0:0:0:0:
320,192,193644,1,0,0:0:0:0:
192,192,193734,1,0,0:0:0:0:
64,192,193825,1,0,0:0:0:0:
192,192,193915,1,0,0:0:0:0:
320,192,194006,1,0,0:0:0:0:
448,192,194096,1,0,0:0:0:0:
320,192,194186,1,0,0:0:0:0:
192,192,194277,1,0,0:0:0:0:
64,192,194367,1,0,0:0:0:0:
192,192,194457,1,0,0:0:0:0:
320,192,194548,1,0,0:0:0:0:
448,192,194638,1,0,0:0:0:0:
320,192,194728,1,0,0:0:0:0:
192,192,194819,1,0,0:0:0:0:
64,192,194909,1,0,0:0:0:0:
192,192,194999,1,0,0:0:0:0:
320,192,195090,1,0,0:0:0:0:
448,192,195180,1,4,0:0:0:0:
64,192,195180,1,4,0:0:0:0:
192,192,195180,1,4,0:0:0:0:
320,192,195271,1,0,0:0:0:0:
448,192,195361,1,0,0:0:0:0:
64,192,195451,1,0,0:0:0:0:
448,192,195542,1,8,0:0:0:0:
192,192,195542,1,8,0:0:0:0:
320,192,195632,1,0,0:0:0:0:
192,192,195722,1,0,0:0:0:0:
64,192,195813,1,0,0:0:0:0:
448,192,195903,1,0,0:0:0:0:
192,192,195993,1,0,0:0:0:0:
448,192,196084,1,0,0:0:0:0:
64,192,196174,1,0,0:0:0:0:
192,192,196265,1,0,0:0:0:0:
320,192,196355,1,0,0:0:0:0:
448,192,196445,1,0,0:0:0:0:
192,192,196536,1,0,0:0:0:0:
64,192,196626,1,0,0:0:0:0:
448,192,196716,1,0,0:0:0:0:
320,192,196807,1,0,0:0:0:0:
192,192,196897,1,0,0:0:0:0:
448,192,196987,1,0,0:0:0:0:
64,192,196987,1,0,0:0:0:0:
320,192,197078,1,0,0:0:0:0:
192,192,197168,1,0,0:0:0:0:
64,192,197259,1,0,0:0:0:0:
448,192,197349,1,0,0:0:0:0:
192,192,197439,1,0,0:0:0:0:
64,192,197530,1,0,0:0:0:0:
320,192,197620,1,0,0:0:0:0:
192,192,197710,1,0,0:0:0:0:
448,192,197801,1,0,0:0:0:0:
192,192,197891,1,0,0:0:0:0:
320,192,197981,1,0,0:0:0:0:
448,192,198072,1,4,0:0:0:0:
64,192,198072,1,4,0:0:0:0:
320,192,198162,1,0,0:0:0:0:
64,192,198253,1,4,0:0:0:0:
192,192,198253,1,4,0:0:0:0:
448,192,198343,1,0,0:0:0:0:
192,192,198433,1,4,0:0:0:0:
320,192,198433,1,4,0:0:0:0:
64,192,198524,1,0,0:0:0:0:
320,192,198614,1,0,0:0:0:0:
64,192,198704,1,0,0:0:0:0:
448,192,198795,1,0,0:0:0:0:
320,192,198885,1,0,0:0:0:0:
64,192,198975,1,0,0:0:0:0:
192,192,199066,1,0,0:0:0:0:
448,192,199156,1,0,0:0:0:0:
320,192,199246,1,0,0:0:0:0:
64,192,199337,1,0,0:0:0:0:
192,192,199427,1,0,0:0:0:0:
320,192,199518,1,0,0:0:0:0:
448,192,199608,1,0,0:0:0:0:
192,192,199698,1,0,0:0:0:0:
320,192,199789,1,0,0:0:0:0:
64,192,199879,1,0,0:0:0:0:
192,192,199879,1,0,0:0:0:0:
448,192,199969,1,0,0:0:0:0:
320,192,200060,1,0,0:0:0:0:
192,192,200150,1,0,0:0:0:0:
448,192,200240,1,0,0:0:0:0:
320,192,200331,1,0,0:0:0:0:
64,192,200421,1,0,0:0:0:0:
320,192,200512,1,0,0:0:0:0:
448,192,200602,1,0,0:0:0:0:
192,192,200692,1,0,0:0:0:0:
64,192,200783,1,0,0:0:0:0:
192,192,200873,1,0,0:0:0:0:
320,192,200963,1,0,0:0:0:0:
448,192,201054,1,0,0:0:0:0:
320,192,201144,1,0,0:0:0:0:
192,192,201234,1,0,0:0:0:0:
64,192,201325,1,0,0:0:0:0:
448,192,201325,1,0,0:0:0:0:
192,192,201415,1,0,0:0:0:0:
320,192,201506,1,0,0:0:0:0:
448,192,201596,1,0,0:0:0:0:
320,192,201686,1,0,0:0:0:0:
192,192,201777,1,0,0:0:0:0:
64,192,201867,1,0,0:0:0:0:
192,192,201957,1,0,0:0:0:0:
320,192,202048,1,0,0:0:0:0:
448,192,202138,1,0,0:0:0:0:
320,192,202228,1,0,0:0:0:0:
192,192,202319,1,0,0:0:0:0:
64,192,202409,1,0,0:0:0:0:
192,192,202499,1,0,0:0:0:0:
320,192,202590,1,0,0:0:0:0:
448,192,202680,1,0,0:0:0:0:
320,192,202771,1,0,0:0:0:0:
64,192,202771,1,0,0:0:0:0:
192,192,202861,1,0,0:0:0:0:
64,192,202951,1,0,0:0:0:0:
192,192,203042,1,0,0:0:0:0:
320,192,203132,1,0,0:0:0:0:
448,192,203222,1,0,0:0:0:0:
320,192,203313,1,0,0:0:0:0:
192,192,203403,1,0,0:0:0:0:
64,192,203493,1,0,0:0:0:0:
192,192,203584,1,0,0:0:0:0:
320,192,203674,1,0,0:0:0:0:
448,192,203765,1,0,0:0:0:0:
64,192,203855,1,4,0:0:0:0:
192,192,203855,1,4,0:0:0:0:
320,192,203945,1,0,0:0:0:0:
448,192,204036,1,4,0:0:0:0:
64,192,204036,1,4,0:0:0:0:
192,192,204126,1,0,0:0:0:0:
320,192,204216,1,4,0:0:0:0:
448,192,204216,1,4,0:0:0:0:
64,192,204307,1,0,0:0:0:0:
192,192,204397,1,0,0:0:0:0:
320,192,204487,1,0,0:0:0:0:
448,192,204578,1,0,0:0:0:0:
320,192,204668,1,0,0:0:0:0:
64,192,204759,1,0,0:0:0:0:
448,192,204849,1,0,0:0:0:0:
192,192,204939,1,0,0:0:0:0:
320,192,205030,1,0,0:0:0:0:
448,192,205120,1,0,0:0:0:0:
320,192,205210,1,0,0:0:0:0:
192,192,205301,1,0,0:0:0:0:
64,192,205391,1,0,0:0:0:0:
192,192,205481,1,0,0:0:0:0:
320,192,205572,1,0,0:0:0:0:
448,192,205662,1,0,0:0:0:0:
320,192,205753,1,0,0:0:0:0:
192,192,205843,1,0,0:0:0:0:
64,192,205933,1,0,0:0:0:0:
192,192,206024,1,0,0:0:0:0:
320,192,206114,1,0,0:0:0:0:
448,192,206204,1,0,0:0:0:0:
320,192,206295,1,0,0:0:0:0:
192,192,206385,1,0,0:0:0:0:
64,192,206475,1,0,0:0:0:0:
192,192,206566,1,0,0:0:0:0:
320,192,206656,1,0,0:0:0:0:
448,192,206746,1,4,0:0:0:0:
64,192,206746,1,4,0:0:0:0:
192,192,206746,1,4,0:0:0:0:
320,192,206837,1,0,0:0:0:0:
448,192,206927,1,0,0:0:0:0:
192,192,207018,1,0,0:0:0:0:
64,192,207108,1,0,0:0:0:0:
320,192,207108,1,0,0:0:0:0:
448,192,207198,1,0,0:0:0:0:
320,192,207289,1,0,0:0:0:0:
192,192,207379,1,0,0:0:0:0:
64,192,207469,1,0,0:0:0:0:
192,192,207560,1,0,0:0:0:0:
320,192,207650,1,0,0:0:0:0:
448,192,207740,1,0,0:0:0:0:
320,192,207831,1,0,0:0:0:0:
192,192,207921,1,0,0:0:0:0:
64,192,208012,1,0,0:0:0:0:
320,192,208102,1,0,0:0:0:0:
448,192,208192,1,0,0:0:0:0:
320,192,208283,1,0,0:0:0:0:
192,192,208373,1,0,0:0:0:0:
448,192,208463,1,0,0:0:0:0:
64,192,208554,1,0,0:0:0:0:
320,192,208554,1,0,0:0:0:0:
192,192,208644,1,0,0:0:0:0:
448,192,208734,1,0,0:0:0:0:
320,192,209006,1,0,0:0:0:0:
192,192,209006,1,0,0:0:0:0:
64,192,209277,128,0,209999:0:0:0:0:
448,192,209277,128,0,209999:0:0:0:0:
