osu file format v14

[General]
AudioFilename: audio.mp3
AudioLeadIn: 0
PreviewTime: -1
Countdown: 0
SampleSet: Drum
StackLeniency: 0.7
Mode: 3
LetterboxInBreaks: 0
SpecialStyle: 0
WidescreenStoryboard: 1

[Editor]
DistanceSpacing: 1.3
BeatDivisor: 8
GridSize: 32
TimelineZoom: 1

[Metadata]
Title:Godzilla
TitleUnicode:Godzilla
Artist:Eminem (feat. Juice WRLD)
ArtistUnicode:Eminem (feat. Juice WRLD)
Creator:Darkennn
Version:GodZ
Source:
Tags:
BeatmapID:2574284
BeatmapSetID:1122822

[Difficulty]
HPDrainRate:9
CircleSize:4
OverallDifficulty:9
ApproachRate:5
SliderMultiplier:1.4
SliderTickRate:1

[Events]
//Background and Video events
0,0,"maxresdefault.jpg",0,0
//Break Periods
//Storyboard Layer 0 (Background)
//Storyboard Layer 1 (Fail)
//Storyboard Layer 2 (Pass)
//Storyboard Layer 3 (Foreground)
//Storyboard Layer 4 (Overlay)
//Storyboard Sound Samples

[TimingPoints]
0,361.44578313253,4,3,0,55,1,0


[HitObjects]
448,192,3930,5,0,0:0:0:0:
320,192,3930,1,0,0:0:0:0:
64,192,3930,1,0,0:0:0:0:
192,192,4111,1,0,0:0:0:0:
64,192,4292,1,0,0:0:0:0:
192,192,4608,1,0,0:0:0:0:
320,192,4698,1,0,0:0:0:0:
448,192,5015,1,0,0:0:0:0:
64,192,5015,1,0,0:0:0:0:
320,192,5015,1,0,0:0:0:0:
192,192,5195,1,0,0:0:0:0:
320,192,5195,1,0,0:0:0:0:
64,192,5195,1,0,0:0:0:0:
64,192,5376,1,0,0:0:0:0:
320,192,5376,1,0,0:0:0:0:
448,192,5376,1,0,0:0:0:0:
64,192,5737,1,0,0:0:0:0:
192,192,5918,1,0,0:0:0:0:
448,192,5918,1,0,0:0:0:0:
64,192,5918,1,0,0:0:0:0:
320,192,6099,1,0,0:0:0:0:
64,192,6280,1,0,0:0:0:0:
448,192,6280,1,0,0:0:0:0:
192,192,6325,1,0,0:0:0:0:
320,192,6460,1,0,0:0:0:0:
64,192,6822,1,0,0:0:0:0:
448,192,6822,1,0,0:0:0:0:
320,192,6822,1,0,0:0:0:0:
192,192,7003,1,0,0:0:0:0:
320,192,7183,1,0,0:0:0:0:
448,192,7499,1,0,0:0:0:0:
192,192,7590,1,0,0:0:0:0:
64,192,7906,1,0,0:0:0:0:
320,192,7906,1,0,0:0:0:0:
448,192,7906,1,0,0:0:0:0:
192,192,7996,1,0,0:0:0:0:
320,192,8087,1,0,0:0:0:0:
448,192,8087,1,0,0:0:0:0:
64,192,8087,1,0,0:0:0:0:
448,192,8268,1,0,0:0:0:0:
64,192,8268,1,0,0:0:0:0:
192,192,8268,1,0,0:0:0:0:
320,192,8448,1,0,0:0:0:0:
192,192,8629,1,0,0:0:0:0:
64,192,8810,1,0,0:0:0:0:
448,192,8810,1,0,0:0:0:0:
320,192,8810,1,0,0:0:0:0:
192,192,8990,1,0,0:0:0:0:
448,192,9171,1,0,0:0:0:0:
64,192,9171,1,0,0:0:0:0:
192,192,9171,1,0,0:0:0:0:
320,192,9307,1,0,0:0:0:0:
192,192,9397,1,0,0:0:0:0:
320,192,9713,1,0,0:0:0:0:
448,192,9713,1,0,0:0:0:0:
64,192,9713,1,0,0:0:0:0:
192,192,10075,1,0,0:0:0:0:
320,192,10256,1,0,0:0:0:0:
448,192,10436,1,0,0:0:0:0:
320,192,10707,1,0,0:0:0:0:
448,192,10798,1,0,0:0:0:0:
192,192,10798,1,0,0:0:0:0:
64,192,10798,1,0,0:0:0:0:
320,192,10978,1,0,0:0:0:0:
192,192,10978,1,0,0:0:0:0:
448,192,10978,1,0,0:0:0:0:
448,192,11159,1,0,0:0:0:0:
64,192,11159,1,0,0:0:0:0:
320,192,11159,1,0,0:0:0:0:
192,192,11249,1,0,0:0:0:0:
320,192,11385,1,0,0:0:0:0:
192,192,11566,1,0,0:0:0:0:
448,192,11701,1,0,0:0:0:0:
320,192,11701,1,0,0:0:0:0:
64,192,11701,1,0,0:0:0:0:
320,192,11927,1,0,0:0:0:0:
64,192,12063,1,0,0:0:0:0:
448,192,12063,1,0,0:0:0:0:
192,192,12063,1,0,0:0:0:0:
320,192,12153,1,0,0:0:0:0:
192,192,12243,1,0,0:0:0:0:
192,192,12469,1,0,0:0:0:0:
448,192,12605,1,0,0:0:0:0:
320,192,12605,1,0,0:0:0:0:
64,192,12605,1,0,0:0:0:0:
192,192,12831,1,0,0:0:0:0:
448,192,12966,1,0,0:0:0:0:
320,192,13147,1,0,0:0:0:0:
192,192,13328,1,0,0:0:0:0:
320,192,13599,1,0,0:0:0:0:
64,192,13689,1,0,0:0:0:0:
448,192,13689,1,0,0:0:0:0:
192,192,13689,1,0,0:0:0:0:
320,192,13870,1,0,0:0:0:0:
192,192,13870,1,0,0:0:0:0:
64,192,13870,1,0,0:0:0:0:
448,192,14051,1,0,0:0:0:0:
320,192,14051,1,0,0:0:0:0:
64,192,14051,1,0,0:0:0:0:
192,192,14231,1,0,0:0:0:0:
320,192,14322,1,0,0:0:0:0:
448,192,14457,1,0,0:0:0:0:
320,192,14593,1,0,0:0:0:0:
64,192,14593,1,0,0:0:0:0:
192,192,14593,1,0,0:0:0:0:
448,192,14774,1,0,0:0:0:0:
64,192,14954,1,0,0:0:0:0:
320,192,14954,1,0,0:0:0:0:
448,192,14954,1,0,0:0:0:0:
192,192,15090,1,0,0:0:0:0:
448,192,15180,1,0,0:0:0:0:
448,192,15496,1,0,0:0:0:0:
64,192,15496,1,0,0:0:0:0:
320,192,15496,1,0,0:0:0:0:
192,192,15677,1,0,0:0:0:0:
320,192,15858,1,0,0:0:0:0:
64,192,15858,1,0,0:0:0:0:
192,192,16039,1,0,0:0:0:0:
448,192,16219,1,0,0:0:0:0:
64,192,16219,1,0,0:0:0:0:
192,192,16400,1,0,0:0:0:0:
320,192,16581,1,0,0:0:0:0:
448,192,16581,1,0,0:0:0:0:
64,192,16581,1,0,0:0:0:0:
192,192,16762,1,0,0:0:0:0:
320,192,16762,1,0,0:0:0:0:
448,192,16762,1,0,0:0:0:0:
448,192,16942,1,0,0:0:0:0:
320,192,16942,1,0,0:0:0:0:
64,192,16942,1,0,0:0:0:0:
192,192,17123,1,0,0:0:0:0:
64,192,17304,1,0,0:0:0:0:
448,192,17304,1,0,0:0:0:0:
320,192,17484,1,0,0:0:0:0:
192,192,17484,1,0,0:0:0:0:
64,192,17484,1,0,0:0:0:0:
448,192,17665,1,0,0:0:0:0:
192,192,17665,1,0,0:0:0:0:
448,192,17846,1,0,0:0:0:0:
192,192,17846,1,0,0:0:0:0:
64,192,17846,1,0,0:0:0:0:
320,192,17981,1,0,0:0:0:0:
192,192,18072,1,0,0:0:0:0:
64,192,18207,1,0,0:0:0:0:
192,192,18388,1,0,0:0:0:0:
64,192,18388,1,0,0:0:0:0:
448,192,18388,1,0,0:0:0:0:
320,192,18569,1,0,0:0:0:0:
192,192,18749,1,0,0:0:0:0:
448,192,18749,1,0,0:0:0:0:
320,192,18930,1,0,0:0:0:0:
192,192,19021,1,0,0:0:0:0:
64,192,19111,1,0,0:0:0:0:
448,192,19111,1,0,0:0:0:0:
320,192,19292,1,0,0:0:0:0:
64,192,19472,1,0,0:0:0:0:
192,192,19472,1,0,0:0:0:0:
448,192,19472,1,0,0:0:0:0:
320,192,19653,1,0,0:0:0:0:
192,192,19653,1,0,0:0:0:0:
448,192,19653,1,0,0:0:0:0:
448,192,19834,1,0,0:0:0:0:
320,192,19834,1,0,0:0:0:0:
64,192,19834,1,0,0:0:0:0:
320,192,20015,1,0,0:0:0:0:
192,192,20195,1,0,0:0:0:0:
448,192,20195,1,0,0:0:0:0:
320,192,20286,1,0,0:0:0:0:
448,192,20376,1,0,0:0:0:0:
192,192,20376,1,0,0:0:0:0:
64,192,20376,1,0,0:0:0:0:
192,192,20557,1,0,0:0:0:0:
448,192,20557,1,0,0:0:0:0:
448,192,20737,1,0,0:0:0:0:
320,192,20737,1,0,0:0:0:0:
64,192,20737,1,0,0:0:0:0:
192,192,20918,1,0,0:0:0:0:
448,192,21144,1,0,0:0:0:0:
320,192,21189,1,0,0:0:0:0:
192,192,21234,1,0,0:0:0:0:
448,192,21280,1,0,0:0:0:0:
320,192,21280,1,0,0:0:0:0:
64,192,21280,1,0,0:0:0:0:
192,192,21596,1,0,0:0:0:0:
320,192,21686,1,0,0:0:0:0:
448,192,21822,1,0,0:0:0:0:
192,192,22003,1,0,0:0:0:0:
64,192,22003,1,0,0:0:0:0:
320,192,22183,1,0,0:0:0:0:
448,192,22364,1,0,0:0:0:0:
192,192,22364,1,0,0:0:0:0:
64,192,22364,1,0,0:0:0:0:
320,192,22545,1,0,0:0:0:0:
192,192,22545,1,0,0:0:0:0:
64,192,22545,1,0,0:0:0:0:
192,192,22725,1,0,0:0:0:0:
64,192,22725,1,0,0:0:0:0:
448,192,22725,1,0,0:0:0:0:
192,192,22996,1,0,0:0:0:0:
448,192,23087,1,0,0:0:0:0:
448,192,23268,1,0,0:0:0:0:
320,192,23268,1,0,0:0:0:0:
64,192,23268,1,0,0:0:0:0:
192,192,23448,1,0,0:0:0:0:
320,192,23448,1,0,0:0:0:0:
64,192,23629,1,0,0:0:0:0:
320,192,23629,1,0,0:0:0:0:
448,192,23629,1,0,0:0:0:0:
192,192,23719,1,0,0:0:0:0:
448,192,23810,1,0,0:0:0:0:
320,192,23990,1,0,0:0:0:0:
192,192,24171,1,0,0:0:0:0:
64,192,24171,1,0,0:0:0:0:
448,192,24171,1,0,0:0:0:0:
320,192,24442,1,0,0:0:0:0:
64,192,24533,1,0,0:0:0:0:
448,192,24533,1,0,0:0:0:0:
192,192,24713,1,0,0:0:0:0:
320,192,24894,1,0,0:0:0:0:
64,192,24894,1,0,0:0:0:0:
192,192,25075,1,0,0:0:0:0:
320,192,25256,1,0,0:0:0:0:
64,192,25256,1,0,0:0:0:0:
448,192,25256,1,0,0:0:0:0:
192,192,25436,1,0,0:0:0:0:
320,192,25436,1,0,0:0:0:0:
448,192,25436,1,0,0:0:0:0:
448,192,25617,1,0,0:0:0:0:
64,192,25617,1,0,0:0:0:0:
192,192,25617,1,0,0:0:0:0:
448,192,25843,1,0,0:0:0:0:
320,192,25888,1,0,0:0:0:0:
192,192,25933,1,0,0:0:0:0:
320,192,25978,1,0,0:0:0:0:
448,192,25978,1,0,0:0:0:0:
64,192,25978,1,0,0:0:0:0:
192,192,26159,1,0,0:0:0:0:
320,192,26340,1,0,0:0:0:0:
64,192,26340,1,0,0:0:0:0:
448,192,26521,1,0,0:0:0:0:
320,192,26521,1,0,0:0:0:0:
192,192,26521,1,0,0:0:0:0:
64,192,26882,1,0,0:0:0:0:
192,192,26882,1,0,0:0:0:0:
320,192,26927,1,0,0:0:0:0:
448,192,26927,1,0,0:0:0:0:
192,192,26972,1,0,0:0:0:0:
64,192,26972,1,0,0:0:0:0:
320,192,27063,1,0,0:0:0:0:
448,192,27063,1,0,0:0:0:0:
192,192,27424,1,0,0:0:0:0:
448,192,27786,1,0,0:0:0:0:
64,192,27786,1,0,0:0:0:0:
64,192,28147,1,0,0:0:0:0:
192,192,28147,1,0,0:0:0:0:
448,192,28147,1,0,0:0:0:0:
320,192,28328,1,0,0:0:0:0:
192,192,28328,1,0,0:0:0:0:
448,192,28328,1,0,0:0:0:0:
448,192,28509,1,0,0:0:0:0:
320,192,28509,1,0,0:0:0:0:
64,192,28509,1,0,0:0:0:0:
192,192,28689,1,0,0:0:0:0:
320,192,28870,1,0,0:0:0:0:
64,192,28870,1,0,0:0:0:0:
448,192,28870,1,0,0:0:0:0:
192,192,29051,1,0,0:0:0:0:
64,192,29051,1,0,0:0:0:0:
448,192,29051,1,0,0:0:0:0:
320,192,29141,1,0,0:0:0:0:
448,192,29231,1,0,0:0:0:0:
64,192,29231,1,0,0:0:0:0:
192,192,29412,1,0,0:0:0:0:
448,192,29412,1,0,0:0:0:0:
320,192,29412,1,0,0:0:0:0:
320,192,29593,1,0,0:0:0:0:
192,192,29774,1,0,0:0:0:0:
448,192,29954,1,0,0:0:0:0:
320,192,29954,1,0,0:0:0:0:
64,192,29954,1,0,0:0:0:0:
192,192,30045,1,0,0:0:0:0:
320,192,30135,1,0,0:0:0:0:
448,192,30316,1,0,0:0:0:0:
192,192,30316,1,0,0:0:0:0:
320,192,30496,1,0,0:0:0:0:
192,192,30587,1,0,0:0:0:0:
64,192,30677,1,0,0:0:0:0:
320,192,30677,1,0,0:0:0:0:
192,192,30858,1,0,0:0:0:0:
320,192,31039,1,0,0:0:0:0:
448,192,31039,1,0,0:0:0:0:
64,192,31039,1,0,0:0:0:0:
192,192,31129,1,0,0:0:0:0:
320,192,31219,1,0,0:0:0:0:
64,192,31219,1,0,0:0:0:0:
448,192,31219,1,0,0:0:0:0:
448,192,31400,1,0,0:0:0:0:
320,192,31400,1,0,0:0:0:0:
64,192,31400,1,0,0:0:0:0:
192,192,31581,1,0,0:0:0:0:
320,192,31762,1,0,0:0:0:0:
448,192,31762,1,0,0:0:0:0:
64,192,31762,1,0,0:0:0:0:
192,192,31942,1,0,0:0:0:0:
64,192,31942,1,0,0:0:0:0:
448,192,31942,1,0,0:0:0:0:
320,192,32033,1,0,0:0:0:0:
448,192,32123,1,0,0:0:0:0:
192,192,32123,1,0,0:0:0:0:
448,192,32304,1,0,0:0:0:0:
64,192,32304,1,0,0:0:0:0:
320,192,32304,1,0,0:0:0:0:
192,192,32484,1,0,0:0:0:0:
448,192,32710,1,0,0:0:0:0:
320,192,32756,1,0,0:0:0:0:
192,192,32801,1,0,0:0:0:0:
448,192,32846,1,0,0:0:0:0:
320,192,32846,1,0,0:0:0:0:
64,192,32846,1,0,0:0:0:0:
192,192,33207,1,0,0:0:0:0:
448,192,33207,1,0,0:0:0:0:
320,192,33388,1,0,0:0:0:0:
448,192,33569,1,0,0:0:0:0:
192,192,33569,1,0,0:0:0:0:
320,192,33749,1,0,0:0:0:0:
192,192,33930,1,0,0:0:0:0:
448,192,33930,1,0,0:0:0:0:
64,192,33930,1,0,0:0:0:0:
320,192,34111,1,0,0:0:0:0:
192,192,34111,1,0,0:0:0:0:
448,192,34111,1,0,0:0:0:0:
320,192,34292,1,0,0:0:0:0:
448,192,34292,1,0,0:0:0:0:
64,192,34292,1,0,0:0:0:0:
192,192,34472,1,0,0:0:0:0:
64,192,34472,1,0,0:0:0:0:
448,192,34472,1,0,0:0:0:0:
64,192,34653,1,0,0:0:0:0:
192,192,34653,1,0,0:0:0:0:
320,192,34653,1,0,0:0:0:0:
192,192,34834,1,0,0:0:0:0:
64,192,34834,1,0,0:0:0:0:
448,192,34834,1,0,0:0:0:0:
448,192,35015,1,0,0:0:0:0:
64,192,35015,1,0,0:0:0:0:
320,192,35015,1,0,0:0:0:0:
192,192,35195,1,0,0:0:0:0:
64,192,35195,1,0,0:0:0:0:
320,192,35195,1,0,0:0:0:0:
448,192,35376,1,0,0:0:0:0:
192,192,35376,1,0,0:0:0:0:
64,192,35376,1,0,0:0:0:0:
192,192,35557,1,0,0:0:0:0:
320,192,35557,1,0,0:0:0:0:
448,192,35557,1,0,0:0:0:0:
448,192,35737,1,0,0:0:0:0:
64,192,35737,1,0,0:0:0:0:
320,192,35737,1,0,0:0:0:0:
192,192,35918,1,0,0:0:0:0:
320,192,36099,1,0,0:0:0:0:
64,192,36099,1,0,0:0:0:0:
448,192,36099,1,0,0:0:0:0:
192,192,36280,1,0,0:0:0:0:
320,192,36370,1,0,0:0:0:0:
448,192,36460,1,0,0:0:0:0:
192,192,36460,1,0,0:0:0:0:
320,192,36641,1,0,0:0:0:0:
192,192,36731,1,0,0:0:0:0:
64,192,36822,1,0,0:0:0:0:
320,192,36822,1,0,0:0:0:0:
448,192,36822,1,0,0:0:0:0:
320,192,37003,1,0,0:0:0:0:
192,192,37003,1,0,0:0:0:0:
448,192,37003,1,0,0:0:0:0:
64,192,37183,1,0,0:0:0:0:
192,192,37183,1,0,0:0:0:0:
448,192,37183,1,0,0:0:0:0:
320,192,37364,1,0,0:0:0:0:
192,192,37545,1,0,0:0:0:0:
64,192,37635,1,0,0:0:0:0:
320,192,37725,1,0,0:0:0:0:
192,192,37906,1,0,0:0:0:0:
448,192,38087,1,0,0:0:0:0:
64,192,38177,1,0,0:0:0:0:
192,192,38358,1,0,0:0:0:0:
64,192,38539,1,0,0:0:0:0:
320,192,38629,128,0,38990:0:0:0:0:
448,192,38810,1,0,0:0:0:0:
192,192,38990,1,0,0:0:0:0:
64,192,38990,1,0,0:0:0:0:
320,192,39171,1,0,0:0:0:0:
448,192,39352,1,0,0:0:0:0:
320,192,39533,1,0,0:0:0:0:
192,192,39713,1,0,0:0:0:0:
448,192,39713,1,0,0:0:0:0:
64,192,39713,1,0,0:0:0:0:
192,192,39894,1,0,0:0:0:0:
320,192,39894,1,0,0:0:0:0:
448,192,39894,1,0,0:0:0:0:
448,192,40075,1,0,0:0:0:0:
320,192,40075,1,0,0:0:0:0:
64,192,40075,1,0,0:0:0:0:
192,192,40256,1,0,0:0:0:0:
448,192,40436,1,0,0:0:0:0:
320,192,40617,1,0,0:0:0:0:
448,192,40617,1,0,0:0:0:0:
64,192,40617,1,0,0:0:0:0:
192,192,40798,1,0,0:0:0:0:
320,192,40978,1,0,0:0:0:0:
448,192,40978,1,0,0:0:0:0:
64,192,40978,1,0,0:0:0:0:
192,192,41159,1,0,0:0:0:0:
320,192,41340,1,0,0:0:0:0:
448,192,41521,128,0,41882:0:0:0:0:
64,192,41701,1,0,0:0:0:0:
320,192,41882,1,0,0:0:0:0:
64,192,42063,1,0,0:0:0:0:
192,192,42243,1,0,0:0:0:0:
320,192,42424,1,0,0:0:0:0:
192,192,42605,1,0,0:0:0:0:
64,192,42605,1,0,0:0:0:0:
448,192,42605,1,0,0:0:0:0:
320,192,42695,1,0,0:0:0:0:
192,192,42786,1,0,0:0:0:0:
448,192,42786,1,0,0:0:0:0:
64,192,42786,1,0,0:0:0:0:
320,192,42876,1,0,0:0:0:0:
64,192,42966,1,0,0:0:0:0:
448,192,42966,1,0,0:0:0:0:
192,192,42966,1,0,0:0:0:0:
320,192,43147,1,0,0:0:0:0:
320,192,43373,1,0,0:0:0:0:
192,192,43463,1,0,0:0:0:0:
448,192,43509,1,0,0:0:0:0:
320,192,43509,1,0,0:0:0:0:
64,192,43509,1,0,0:0:0:0:
192,192,43689,1,0,0:0:0:0:
448,192,43870,1,0,0:0:0:0:
320,192,43870,1,0,0:0:0:0:
64,192,43870,1,0,0:0:0:0:
192,192,44051,1,0,0:0:0:0:
320,192,44231,1,0,0:0:0:0:
64,192,44412,128,0,44774:0:0:0:0:
448,192,44412,1,0,0:0:0:0:
192,192,44593,1,0,0:0:0:0:
320,192,44774,1,0,0:0:0:0:
448,192,44954,1,0,0:0:0:0:
192,192,45135,1,0,0:0:0:0:
64,192,45316,1,0,0:0:0:0:
448,192,45496,1,0,0:0:0:0:
192,192,45496,1,0,0:0:0:0:
64,192,45496,1,0,0:0:0:0:
320,192,45677,1,0,0:0:0:0:
192,192,45677,1,0,0:0:0:0:
448,192,45677,1,0,0:0:0:0:
448,192,45858,1,0,0:0:0:0:
64,192,45858,1,0,0:0:0:0:
320,192,45858,1,0,0:0:0:0:
192,192,46039,1,0,0:0:0:0:
320,192,46219,1,0,0:0:0:0:
320,192,46400,1,0,0:0:0:0:
448,192,46400,1,0,0:0:0:0:
64,192,46400,1,0,0:0:0:0:
192,192,46581,1,0,0:0:0:0:
448,192,46762,1,0,0:0:0:0:
64,192,46762,1,0,0:0:0:0:
192,192,46762,1,0,0:0:0:0:
320,192,46942,1,0,0:0:0:0:
320,192,47123,1,0,0:0:0:0:
192,192,47304,1,0,0:0:0:0:
64,192,47304,1,0,0:0:0:0:
448,192,47304,1,0,0:0:0:0:
320,192,47484,1,0,0:0:0:0:
320,192,47665,1,0,0:0:0:0:
64,192,47846,1,0,0:0:0:0:
192,192,48027,1,0,0:0:0:0:
64,192,48207,1,0,0:0:0:0:
320,192,48388,1,0,0:0:0:0:
448,192,48388,1,0,0:0:0:0:
192,192,48388,1,0,0:0:0:0:
448,192,48569,1,0,0:0:0:0:
320,192,48569,1,0,0:0:0:0:
192,192,48569,1,0,0:0:0:0:
192,192,48749,1,0,0:0:0:0:
64,192,48749,1,0,0:0:0:0:
448,192,48749,1,0,0:0:0:0:
320,192,48930,1,0,0:0:0:0:
192,192,49111,1,0,0:0:0:0:
64,192,49292,1,0,0:0:0:0:
448,192,49472,1,0,0:0:0:0:
192,192,49472,1,0,0:0:0:0:
320,192,49653,1,0,0:0:0:0:
448,192,49653,1,0,0:0:0:0:
64,192,49653,1,0,0:0:0:0:
192,192,49653,1,0,0:0:0:0:
192,192,49834,1,0,0:0:0:0:
320,192,50015,1,0,0:0:0:0:
448,192,50015,1,0,0:0:0:0:
192,192,50060,1,0,0:0:0:0:
64,192,50060,1,0,0:0:0:0:
448,192,50105,1,0,0:0:0:0:
320,192,50105,1,0,0:0:0:0:
192,192,50195,1,0,0:0:0:0:
64,192,50195,1,0,0:0:0:0:
320,192,50376,1,0,0:0:0:0:
448,192,50557,1,0,0:0:0:0:
64,192,50557,1,0,0:0:0:0:
192,192,50737,1,0,0:0:0:0:
448,192,50918,1,0,0:0:0:0:
64,192,50918,1,0,0:0:0:0:
320,192,51099,1,0,0:0:0:0:
448,192,51280,1,0,0:0:0:0:
320,192,51280,1,0,0:0:0:0:
64,192,51280,1,0,0:0:0:0:
192,192,51460,1,0,0:0:0:0:
320,192,51460,1,0,0:0:0:0:
448,192,51460,1,0,0:0:0:0:
448,192,51641,1,0,0:0:0:0:
320,192,51641,1,0,0:0:0:0:
64,192,51641,1,0,0:0:0:0:
192,192,51822,1,0,0:0:0:0:
320,192,52003,1,0,0:0:0:0:
448,192,52183,1,0,0:0:0:0:
192,192,52183,1,0,0:0:0:0:
64,192,52183,1,0,0:0:0:0:
320,192,52364,1,0,0:0:0:0:
192,192,52364,1,0,0:0:0:0:
448,192,52545,1,0,0:0:0:0:
320,192,52545,1,0,0:0:0:0:
64,192,52545,1,0,0:0:0:0:
192,192,52725,1,0,0:0:0:0:
320,192,52906,1,0,0:0:0:0:
448,192,53087,1,0,0:0:0:0:
192,192,53087,1,0,0:0:0:0:
64,192,53087,1,0,0:0:0:0:
320,192,53268,1,0,0:0:0:0:
448,192,53448,1,0,0:0:0:0:
64,192,53448,1,0,0:0:0:0:
192,192,53629,1,0,0:0:0:0:
320,192,53810,1,0,0:0:0:0:
448,192,53810,1,0,0:0:0:0:
64,192,53990,1,0,0:0:0:0:
64,192,54171,1,0,0:0:0:0:
192,192,54171,1,0,0:0:0:0:
448,192,54171,1,0,0:0:0:0:
192,192,54352,1,0,0:0:0:0:
64,192,54352,1,0,0:0:0:0:
448,192,54352,1,0,0:0:0:0:
448,192,54533,1,0,0:0:0:0:
320,192,54533,1,0,0:0:0:0:
64,192,54533,1,0,0:0:0:0:
192,192,54713,1,0,0:0:0:0:
64,192,54894,1,0,0:0:0:0:
448,192,54894,1,0,0:0:0:0:
192,192,55075,1,0,0:0:0:0:
64,192,55075,1,0,0:0:0:0:
448,192,55075,1,0,0:0:0:0:
320,192,55256,1,0,0:0:0:0:
192,192,55256,1,0,0:0:0:0:
448,192,55436,1,0,0:0:0:0:
320,192,55436,1,0,0:0:0:0:
64,192,55436,1,0,0:0:0:0:
192,192,55617,1,0,0:0:0:0:
448,192,55843,1,0,0:0:0:0:
320,192,55888,1,0,0:0:0:0:
192,192,55933,1,0,0:0:0:0:
320,192,55978,1,0,0:0:0:0:
64,192,55978,1,0,0:0:0:0:
448,192,55978,1,0,0:0:0:0:
192,192,56159,1,0,0:0:0:0:
448,192,56340,1,0,0:0:0:0:
64,192,56340,1,0,0:0:0:0:
320,192,56521,1,0,0:0:0:0:
448,192,56701,1,0,0:0:0:0:
192,192,56701,1,0,0:0:0:0:
320,192,56882,1,0,0:0:0:0:
448,192,57063,1,0,0:0:0:0:
320,192,57063,1,0,0:0:0:0:
64,192,57063,1,0,0:0:0:0:
192,192,57243,1,0,0:0:0:0:
320,192,57243,1,0,0:0:0:0:
448,192,57243,1,0,0:0:0:0:
192,192,57424,1,0,0:0:0:0:
64,192,57424,1,0,0:0:0:0:
448,192,57424,1,0,0:0:0:0:
320,192,57605,1,0,0:0:0:0:
192,192,57786,1,0,0:0:0:0:
64,192,57966,1,0,0:0:0:0:
320,192,57966,1,0,0:0:0:0:
448,192,57966,1,0,0:0:0:0:
192,192,58147,1,0,0:0:0:0:
320,192,58147,1,0,0:0:0:0:
448,192,58328,1,0,0:0:0:0:
320,192,58328,1,0,0:0:0:0:
64,192,58328,1,0,0:0:0:0:
192,192,58509,1,0,0:0:0:0:
320,192,58689,1,0,0:0:0:0:
448,192,58870,1,0,0:0:0:0:
320,192,58870,1,0,0:0:0:0:
64,192,58870,1,0,0:0:0:0:
192,192,59051,1,0,0:0:0:0:
192,192,59231,1,0,0:0:0:0:
320,192,59231,1,0,0:0:0:0:
448,192,59412,1,0,0:0:0:0:
320,192,59593,1,0,0:0:0:0:
64,192,59593,1,0,0:0:0:0:
192,192,59774,1,0,0:0:0:0:
320,192,59954,1,0,0:0:0:0:
448,192,59954,1,0,0:0:0:0:
192,192,59954,1,0,0:0:0:0:
448,192,60135,1,0,0:0:0:0:
64,192,60135,1,0,0:0:0:0:
320,192,60135,1,0,0:0:0:0:
448,192,60316,1,0,0:0:0:0:
320,192,60316,1,0,0:0:0:0:
192,192,60316,1,0,0:0:0:0:
192,192,60496,1,0,0:0:0:0:
320,192,60677,1,0,0:0:0:0:
448,192,60677,1,0,0:0:0:0:
64,192,60677,1,0,0:0:0:0:
192,192,60858,1,0,0:0:0:0:
320,192,61039,1,0,0:0:0:0:
64,192,61039,1,0,0:0:0:0:
448,192,61219,1,0,0:0:0:0:
192,192,61219,1,0,0:0:0:0:
64,192,61219,1,0,0:0:0:0:
320,192,61400,1,0,0:0:0:0:
192,192,61581,1,0,0:0:0:0:
64,192,61581,1,0,0:0:0:0:
320,192,61626,1,0,0:0:0:0:
448,192,61626,1,0,0:0:0:0:
192,192,61671,1,0,0:0:0:0:
64,192,61671,1,0,0:0:0:0:
320,192,61762,1,0,0:0:0:0:
448,192,61762,1,0,0:0:0:0:
192,192,61807,1,0,0:0:0:0:
64,192,61807,1,0,0:0:0:0:
320,192,61852,1,0,0:0:0:0:
448,192,61852,1,0,0:0:0:0:
192,192,61942,1,0,0:0:0:0:
64,192,61942,1,0,0:0:0:0:
448,192,62123,1,0,0:0:0:0:
320,192,62123,1,0,0:0:0:0:
64,192,62304,1,0,0:0:0:0:
192,192,62484,1,0,0:0:0:0:
320,192,62484,1,0,0:0:0:0:
448,192,62665,1,0,0:0:0:0:
320,192,62846,1,0,0:0:0:0:
192,192,62846,1,0,0:0:0:0:
64,192,62846,1,0,0:0:0:0:
448,192,62936,1,0,0:0:0:0:
192,192,63027,1,0,0:0:0:0:
320,192,63027,1,0,0:0:0:0:
64,192,63027,1,0,0:0:0:0:
448,192,63207,1,0,0:0:0:0:
64,192,63207,1,0,0:0:0:0:
192,192,63207,1,0,0:0:0:0:
320,192,63388,1,0,0:0:0:0:
448,192,63569,1,0,0:0:0:0:
192,192,63569,1,0,0:0:0:0:
448,192,63749,1,0,0:0:0:0:
64,192,63749,1,0,0:0:0:0:
320,192,63749,1,0,0:0:0:0:
192,192,63930,1,0,0:0:0:0:
320,192,63930,1,0,0:0:0:0:
64,192,64111,1,0,0:0:0:0:
320,192,64111,1,0,0:0:0:0:
448,192,64111,1,0,0:0:0:0:
192,192,64292,1,0,0:0:0:0:
320,192,64472,1,0,0:0:0:0:
448,192,64653,1,0,0:0:0:0:
192,192,64653,1,0,0:0:0:0:
64,192,64653,1,0,0:0:0:0:
320,192,64834,1,0,0:0:0:0:
192,192,64879,1,0,0:0:0:0:
64,192,65015,1,0,0:0:0:0:
448,192,65015,1,0,0:0:0:0:
192,192,65195,1,0,0:0:0:0:
320,192,65376,1,0,0:0:0:0:
64,192,65376,1,0,0:0:0:0:
448,192,65557,1,0,0:0:0:0:
320,192,65737,1,0,0:0:0:0:
192,192,65737,1,0,0:0:0:0:
64,192,65737,1,0,0:0:0:0:
448,192,65918,1,0,0:0:0:0:
320,192,65918,1,0,0:0:0:0:
192,192,65918,1,0,0:0:0:0:
64,192,66099,1,0,0:0:0:0:
320,192,66099,1,0,0:0:0:0:
192,192,66099,1,0,0:0:0:0:
448,192,66280,1,0,0:0:0:0:
320,192,66460,1,0,0:0:0:0:
64,192,66460,1,0,0:0:0:0:
192,192,66551,1,0,0:0:0:0:
320,192,66641,1,0,0:0:0:0:
448,192,66641,1,0,0:0:0:0:
64,192,66641,1,0,0:0:0:0:
192,192,66686,1,0,0:0:0:0:
64,192,66731,1,0,0:0:0:0:
320,192,66822,1,0,0:0:0:0:
192,192,66822,1,0,0:0:0:0:
448,192,67003,1,0,0:0:0:0:
192,192,67003,1,0,0:0:0:0:
64,192,67003,1,0,0:0:0:0:
320,192,67183,1,0,0:0:0:0:
192,192,67183,1,0,0:0:0:0:
448,192,67409,1,0,0:0:0:0:
320,192,67454,1,0,0:0:0:0:
192,192,67499,1,0,0:0:0:0:
64,192,67545,1,0,0:0:0:0:
320,192,67545,1,0,0:0:0:0:
448,192,67545,1,0,0:0:0:0:
192,192,67635,1,0,0:0:0:0:
320,192,67725,1,0,0:0:0:0:
448,192,67906,1,0,0:0:0:0:
64,192,67906,1,0,0:0:0:0:
192,192,68087,1,0,0:0:0:0:
448,192,68268,1,0,0:0:0:0:
64,192,68268,1,0,0:0:0:0:
320,192,68448,1,0,0:0:0:0:
192,192,68629,1,0,0:0:0:0:
64,192,68629,1,0,0:0:0:0:
448,192,68629,1,0,0:0:0:0:
320,192,68719,1,0,0:0:0:0:
192,192,68810,1,0,0:0:0:0:
448,192,68810,1,0,0:0:0:0:
64,192,68810,1,0,0:0:0:0:
64,192,68990,1,0,0:0:0:0:
320,192,68990,1,0,0:0:0:0:
448,192,68990,1,0,0:0:0:0:
192,192,69171,1,0,0:0:0:0:
64,192,69352,1,0,0:0:0:0:
192,192,69442,1,0,0:0:0:0:
320,192,69533,1,0,0:0:0:0:
64,192,69533,1,0,0:0:0:0:
448,192,69533,1,0,0:0:0:0:
192,192,69623,1,0,0:0:0:0:
320,192,69713,1,0,0:0:0:0:
448,192,69713,1,0,0:0:0:0:
448,192,69894,1,0,0:0:0:0:
320,192,69894,1,0,0:0:0:0:
192,192,69894,1,0,0:0:0:0:
64,192,70075,1,0,0:0:0:0:
448,192,70256,1,0,0:0:0:0:
64,192,70346,1,0,0:0:0:0:
320,192,70436,1,0,0:0:0:0:
192,192,70436,1,0,0:0:0:0:
448,192,70436,1,0,0:0:0:0:
448,192,70617,1,0,0:0:0:0:
192,192,70707,1,0,0:0:0:0:
64,192,70798,1,0,0:0:0:0:
448,192,70798,1,0,0:0:0:0:
320,192,70888,1,0,0:0:0:0:
192,192,70978,1,0,0:0:0:0:
64,192,71159,1,0,0:0:0:0:
448,192,71159,1,0,0:0:0:0:
320,192,71385,1,0,0:0:0:0:
64,192,71521,1,0,0:0:0:0:
448,192,71521,1,0,0:0:0:0:
192,192,71521,1,0,0:0:0:0:
320,192,71701,1,0,0:0:0:0:
192,192,71701,1,0,0:0:0:0:
448,192,71701,1,0,0:0:0:0:
64,192,71882,1,0,0:0:0:0:
192,192,71882,1,0,0:0:0:0:
448,192,71882,1,0,0:0:0:0:
320,192,72063,1,0,0:0:0:0:
64,192,72243,1,0,0:0:0:0:
192,192,72424,1,0,0:0:0:0:
320,192,72424,1,0,0:0:0:0:
64,192,72424,1,0,0:0:0:0:
192,192,72605,1,0,0:0:0:0:
64,192,72605,1,0,0:0:0:0:
320,192,72786,1,0,0:0:0:0:
192,192,72786,1,0,0:0:0:0:
64,192,72786,1,0,0:0:0:0:
192,192,72966,1,0,0:0:0:0:
192,192,73147,1,0,0:0:0:0:
64,192,73147,1,0,0:0:0:0:
320,192,73192,1,0,0:0:0:0:
448,192,73192,1,0,0:0:0:0:
192,192,73237,1,0,0:0:0:0:
64,192,73237,1,0,0:0:0:0:
320,192,73328,1,0,0:0:0:0:
448,192,73509,1,0,0:0:0:0:
320,192,73689,1,0,0:0:0:0:
192,192,73870,1,0,0:0:0:0:
64,192,73960,1,0,0:0:0:0:
192,192,74051,1,0,0:0:0:0:
320,192,74051,1,0,0:0:0:0:
448,192,74277,1,0,0:0:0:0:
320,192,74412,1,0,0:0:0:0:
192,192,74412,1,0,0:0:0:0:
64,192,74412,1,0,0:0:0:0:
192,192,74593,1,0,0:0:0:0:
64,192,74593,1,0,0:0:0:0:
320,192,74593,1,0,0:0:0:0:
192,192,74774,1,0,0:0:0:0:
320,192,74774,1,0,0:0:0:0:
64,192,74774,1,0,0:0:0:0:
448,192,74954,1,0,0:0:0:0:
192,192,75135,1,0,0:0:0:0:
64,192,75135,1,0,0:0:0:0:
448,192,75316,1,0,0:0:0:0:
192,192,75316,1,0,0:0:0:0:
64,192,75316,1,0,0:0:0:0:
320,192,75406,1,0,0:0:0:0:
192,192,75496,1,0,0:0:0:0:
64,192,75496,1,0,0:0:0:0:
448,192,75677,1,0,0:0:0:0:
320,192,75677,1,0,0:0:0:0:
192,192,75677,1,0,0:0:0:0:
64,192,75858,1,0,0:0:0:0:
192,192,76039,1,0,0:0:0:0:
320,192,76129,1,0,0:0:0:0:
448,192,76219,1,0,0:0:0:0:
192,192,76219,1,0,0:0:0:0:
64,192,76219,1,0,0:0:0:0:
320,192,76310,1,0,0:0:0:0:
192,192,76400,1,0,0:0:0:0:
448,192,76581,1,0,0:0:0:0:
64,192,76581,1,0,0:0:0:0:
320,192,76762,1,0,0:0:0:0:
64,192,76942,1,0,0:0:0:0:
448,192,76942,1,0,0:0:0:0:
192,192,77123,1,0,0:0:0:0:
64,192,77304,1,0,0:0:0:0:
320,192,77304,1,0,0:0:0:0:
448,192,77304,1,0,0:0:0:0:
192,192,77394,1,0,0:0:0:0:
320,192,77484,1,0,0:0:0:0:
448,192,77484,1,0,0:0:0:0:
64,192,77484,1,0,0:0:0:0:
64,192,77665,1,0,0:0:0:0:
320,192,77665,1,0,0:0:0:0:
448,192,77665,1,0,0:0:0:0:
192,192,77846,1,0,0:0:0:0:
64,192,77936,1,0,0:0:0:0:
320,192,78027,1,0,0:0:0:0:
448,192,78027,1,0,0:0:0:0:
192,192,78207,1,0,0:0:0:0:
64,192,78207,1,0,0:0:0:0:
448,192,78207,1,0,0:0:0:0:
320,192,78298,1,0,0:0:0:0:
192,192,78388,1,0,0:0:0:0:
64,192,78388,1,0,0:0:0:0:
64,192,78569,1,0,0:0:0:0:
320,192,78569,1,0,0:0:0:0:
192,192,78569,1,0,0:0:0:0:
448,192,78749,1,0,0:0:0:0:
448,192,78975,1,0,0:0:0:0:
320,192,79021,1,0,0:0:0:0:
192,192,79066,1,0,0:0:0:0:
448,192,79111,1,0,0:0:0:0:
320,192,79111,1,0,0:0:0:0:
64,192,79111,1,0,0:0:0:0:
192,192,79337,1,0,0:0:0:0:
320,192,79472,1,0,0:0:0:0:
64,192,79472,1,0,0:0:0:0:
448,192,79698,1,0,0:0:0:0:
320,192,79834,1,0,0:0:0:0:
192,192,79834,1,0,0:0:0:0:
192,192,80060,1,0,0:0:0:0:
448,192,80195,1,0,0:0:0:0:
320,192,80195,1,0,0:0:0:0:
64,192,80195,1,0,0:0:0:0:
320,192,80376,1,0,0:0:0:0:
448,192,80376,1,0,0:0:0:0:
192,192,80376,1,0,0:0:0:0:
64,192,80557,1,0,0:0:0:0:
320,192,80557,1,0,0:0:0:0:
448,192,80557,1,0,0:0:0:0:
192,192,80737,1,0,0:0:0:0:
64,192,80918,1,0,0:0:0:0:
320,192,80918,1,0,0:0:0:0:
448,192,81009,1,0,0:0:0:0:
192,192,81099,1,0,0:0:0:0:
64,192,81099,1,0,0:0:0:0:
320,192,81099,1,0,0:0:0:0:
192,192,81280,1,0,0:0:0:0:
64,192,81280,1,0,0:0:0:0:
320,192,81460,1,0,0:0:0:0:
192,192,81460,1,0,0:0:0:0:
64,192,81460,1,0,0:0:0:0:
448,192,81641,1,0,0:0:0:0:
320,192,81731,1,0,0:0:0:0:
192,192,81822,1,0,0:0:0:0:
320,192,82003,1,0,0:0:0:0:
448,192,82003,1,0,0:0:0:0:
64,192,82003,1,0,0:0:0:0:
192,192,82183,1,0,0:0:0:0:
448,192,82364,1,0,0:0:0:0:
192,192,82545,1,0,0:0:0:0:
320,192,82725,1,0,0:0:0:0:
64,192,82906,1,0,0:0:0:0:
192,192,83087,1,0,0:0:0:0:
320,192,83268,1,0,0:0:0:0:
448,192,83448,1,0,0:0:0:0:
192,192,83539,1,0,0:0:0:0:
64,192,83629,1,0,0:0:0:0:
320,192,83810,1,0,0:0:0:0:
192,192,83855,1,0,0:0:0:0:
448,192,83990,1,0,0:0:0:0:
320,192,83990,1,0,0:0:0:0:
64,192,83990,1,0,0:0:0:0:
320,192,84171,1,0,0:0:0:0:
192,192,84171,1,0,0:0:0:0:
448,192,84262,1,0,0:0:0:0:
320,192,84352,1,0,0:0:0:0:
64,192,84352,1,0,0:0:0:0:
192,192,84352,1,0,0:0:0:0:
64,192,84533,1,0,0:0:0:0:
192,192,84713,1,0,0:0:0:0:
320,192,84804,1,0,0:0:0:0:
448,192,84894,128,0,85256:0:0:0:0:
64,192,85075,1,0,0:0:0:0:
320,192,85256,1,0,0:0:0:0:
192,192,85256,1,0,0:0:0:0:
64,192,85436,1,0,0:0:0:0:
320,192,85617,1,0,0:0:0:0:
192,192,85798,1,0,0:0:0:0:
320,192,85978,1,0,0:0:0:0:
448,192,85978,1,0,0:0:0:0:
64,192,85978,1,0,0:0:0:0:
448,192,86159,1,0,0:0:0:0:
320,192,86159,1,0,0:0:0:0:
192,192,86159,1,0,0:0:0:0:
448,192,86340,1,0,0:0:0:0:
320,192,86340,1,0,0:0:0:0:
192,192,86340,1,0,0:0:0:0:
64,192,86521,1,0,0:0:0:0:
64,192,86701,1,0,0:0:0:0:
192,192,86882,1,0,0:0:0:0:
320,192,86882,1,0,0:0:0:0:
448,192,86882,1,0,0:0:0:0:
320,192,87063,1,0,0:0:0:0:
448,192,87243,1,0,0:0:0:0:
192,192,87243,1,0,0:0:0:0:
64,192,87243,1,0,0:0:0:0:
320,192,87424,1,0,0:0:0:0:
192,192,87605,1,0,0:0:0:0:
64,192,87786,128,0,88147:0:0:0:0:
320,192,87786,1,0,0:0:0:0:
448,192,87966,1,0,0:0:0:0:
192,192,88147,1,0,0:0:0:0:
320,192,88328,1,0,0:0:0:0:
448,192,88509,1,0,0:0:0:0:
320,192,88689,1,0,0:0:0:0:
192,192,88870,1,0,0:0:0:0:
64,192,88870,1,0,0:0:0:0:
448,192,88870,1,0,0:0:0:0:
320,192,89051,1,0,0:0:0:0:
192,192,89051,1,0,0:0:0:0:
448,192,89051,1,0,0:0:0:0:
320,192,89231,1,0,0:0:0:0:
448,192,89231,1,0,0:0:0:0:
64,192,89231,1,0,0:0:0:0:
192,192,89412,1,0,0:0:0:0:
448,192,89593,1,0,0:0:0:0:
320,192,89683,1,0,0:0:0:0:
448,192,89774,1,0,0:0:0:0:
192,192,89774,1,0,0:0:0:0:
64,192,89774,1,0,0:0:0:0:
320,192,89954,1,0,0:0:0:0:
192,192,90135,1,0,0:0:0:0:
64,192,90135,1,0,0:0:0:0:
448,192,90135,1,0,0:0:0:0:
320,192,90316,1,0,0:0:0:0:
192,192,90496,1,0,0:0:0:0:
320,192,90677,128,0,91039:0:0:0:0:
448,192,90858,1,0,0:0:0:0:
192,192,91039,1,0,0:0:0:0:
64,192,91219,1,0,0:0:0:0:
448,192,91400,1,0,0:0:0:0:
320,192,91581,1,0,0:0:0:0:
192,192,91762,1,0,0:0:0:0:
64,192,91762,1,0,0:0:0:0:
448,192,91762,1,0,0:0:0:0:
320,192,91942,1,0,0:0:0:0:
192,192,91942,1,0,0:0:0:0:
448,192,91942,1,0,0:0:0:0:
64,192,92123,1,0,0:0:0:0:
192,192,92123,1,0,0:0:0:0:
448,192,92123,1,0,0:0:0:0:
320,192,92304,1,0,0:0:0:0:
192,192,92484,1,0,0:0:0:0:
192,192,92665,1,0,0:0:0:0:
448,192,92665,1,0,0:0:0:0:
64,192,92665,1,0,0:0:0:0:
320,192,92846,1,0,0:0:0:0:
64,192,93027,1,0,0:0:0:0:
320,192,93027,1,0,0:0:0:0:
448,192,93027,1,0,0:0:0:0:
192,192,93207,1,0,0:0:0:0:
448,192,93388,1,0,0:0:0:0:
64,192,93569,1,0,0:0:0:0:
320,192,93569,1,0,0:0:0:0:
448,192,93569,1,0,0:0:0:0:
192,192,93749,1,0,0:0:0:0:
320,192,93930,1,0,0:0:0:0:
448,192,94111,1,0,0:0:0:0:
64,192,94292,1,0,0:0:0:0:
192,192,94472,1,0,0:0:0:0:
320,192,94653,1,0,0:0:0:0:
448,192,94653,1,0,0:0:0:0:
64,192,94653,1,0,0:0:0:0:
448,192,94834,1,0,0:0:0:0:
64,192,94834,1,0,0:0:0:0:
320,192,94834,1,0,0:0:0:0:
192,192,95015,1,0,0:0:0:0:
64,192,95015,1,0,0:0:0:0:
448,192,95015,1,0,0:0:0:0:
320,192,95195,1,0,0:0:0:0:
64,192,95376,1,0,0:0:0:0:
192,192,95557,1,0,0:0:0:0:
64,192,95737,1,0,0:0:0:0:
448,192,95737,1,0,0:0:0:0:
320,192,95737,1,0,0:0:0:0:
64,192,95918,1,0,0:0:0:0:
192,192,95918,1,0,0:0:0:0:
448,192,95918,1,0,0:0:0:0:
320,192,95918,1,0,0:0:0:0:
320,192,96099,1,0,0:0:0:0:
192,192,96280,1,0,0:0:0:0:
64,192,96280,1,0,0:0:0:0:
320,192,96325,1,0,0:0:0:0:
448,192,96325,1,0,0:0:0:0:
192,192,96370,1,0,0:0:0:0:
64,192,96370,1,0,0:0:0:0:
320,192,96460,1,0,0:0:0:0:
448,192,96460,1,0,0:0:0:0:
64,192,96641,1,0,0:0:0:0:
192,192,96822,1,0,0:0:0:0:
320,192,97003,1,0,0:0:0:0:
448,192,97183,1,0,0:0:0:0:
64,192,97183,1,0,0:0:0:0:
320,192,97364,1,0,0:0:0:0:
192,192,97545,1,0,0:0:0:0:
64,192,97545,1,0,0:0:0:0:
448,192,97545,1,0,0:0:0:0:
192,192,97725,1,0,0:0:0:0:
64,192,97725,1,0,0:0:0:0:
320,192,97725,1,0,0:0:0:0:
192,192,97906,1,0,0:0:0:0:
64,192,97906,1,0,0:0:0:0:
448,192,97906,1,0,0:0:0:0:
320,192,98087,1,0,0:0:0:0:
192,192,98268,1,0,0:0:0:0:
64,192,98448,1,0,0:0:0:0:
320,192,98448,1,0,0:0:0:0:
448,192,98448,1,0,0:0:0:0:
192,192,98629,1,0,0:0:0:0:
320,192,98629,1,0,0:0:0:0:
448,192,98629,1,0,0:0:0:0:
64,192,98810,1,0,0:0:0:0:
320,192,98810,1,0,0:0:0:0:
448,192,98810,1,0,0:0:0:0:
192,192,98990,1,0,0:0:0:0:
64,192,99171,1,0,0:0:0:0:
192,192,99352,1,0,0:0:0:0:
64,192,99352,1,0,0:0:0:0:
448,192,99352,1,0,0:0:0:0:
320,192,99533,1,0,0:0:0:0:
64,192,99713,1,0,0:0:0:0:
448,192,99713,1,0,0:0:0:0:
320,192,99894,1,0,0:0:0:0:
192,192,100075,1,0,0:0:0:0:
448,192,100075,1,0,0:0:0:0:
64,192,100256,1,0,0:0:0:0:
192,192,100436,1,0,0:0:0:0:
320,192,100436,1,0,0:0:0:0:
448,192,100436,1,0,0:0:0:0:
192,192,100617,1,0,0:0:0:0:
64,192,100617,1,0,0:0:0:0:
448,192,100617,1,0,0:0:0:0:
192,192,100798,1,0,0:0:0:0:
64,192,100798,1,0,0:0:0:0:
448,192,100798,1,0,0:0:0:0:
320,192,100978,1,0,0:0:0:0:
192,192,101159,1,0,0:0:0:0:
448,192,101159,1,0,0:0:0:0:
320,192,101340,1,0,0:0:0:0:
64,192,101340,1,0,0:0:0:0:
192,192,101340,1,0,0:0:0:0:
320,192,101521,1,0,0:0:0:0:
192,192,101521,1,0,0:0:0:0:
448,192,101701,1,0,0:0:0:0:
320,192,101701,1,0,0:0:0:0:
64,192,101701,1,0,0:0:0:0:
192,192,101882,1,0,0:0:0:0:
448,192,102108,1,0,0:0:0:0:
320,192,102153,1,0,0:0:0:0:
192,192,102198,1,0,0:0:0:0:
320,192,102243,1,0,0:0:0:0:
448,192,102243,1,0,0:0:0:0:
64,192,102243,1,0,0:0:0:0:
64,192,102605,1,0,0:0:0:0:
448,192,102605,1,0,0:0:0:0:
192,192,102786,1,0,0:0:0:0:
448,192,102966,1,0,0:0:0:0:
64,192,102966,1,0,0:0:0:0:
320,192,103147,1,0,0:0:0:0:
192,192,103328,1,0,0:0:0:0:
64,192,103328,1,0,0:0:0:0:
320,192,103328,1,0,0:0:0:0:
64,192,103509,1,0,0:0:0:0:
192,192,103509,1,0,0:0:0:0:
448,192,103509,1,0,0:0:0:0:
448,192,103689,1,0,0:0:0:0:
320,192,103689,1,0,0:0:0:0:
64,192,103689,1,0,0:0:0:0:
192,192,103870,1,0,0:0:0:0:
448,192,104051,1,0,0:0:0:0:
64,192,104051,1,0,0:0:0:0:
192,192,104231,1,0,0:0:0:0:
64,192,104231,1,0,0:0:0:0:
448,192,104231,1,0,0:0:0:0:
320,192,104412,1,0,0:0:0:0:
192,192,104412,1,0,0:0:0:0:
64,192,104593,1,0,0:0:0:0:
192,192,104593,1,0,0:0:0:0:
448,192,104593,1,0,0:0:0:0:
320,192,104774,1,0,0:0:0:0:
192,192,104954,1,0,0:0:0:0:
64,192,105135,1,0,0:0:0:0:
192,192,105135,1,0,0:0:0:0:
448,192,105135,1,0,0:0:0:0:
320,192,105316,1,0,0:0:0:0:
192,192,105496,1,0,0:0:0:0:
448,192,105496,1,0,0:0:0:0:
320,192,105677,1,0,0:0:0:0:
192,192,105858,1,0,0:0:0:0:
448,192,105858,1,0,0:0:0:0:
64,192,106039,1,0,0:0:0:0:
192,192,106219,1,0,0:0:0:0:
448,192,106219,1,0,0:0:0:0:
320,192,106219,1,0,0:0:0:0:
64,192,106400,1,0,0:0:0:0:
192,192,106400,1,0,0:0:0:0:
448,192,106400,1,0,0:0:0:0:
448,192,106581,1,0,0:0:0:0:
320,192,106581,1,0,0:0:0:0:
192,192,106581,1,0,0:0:0:0:
64,192,106762,1,0,0:0:0:0:
448,192,106942,1,0,0:0:0:0:
320,192,106942,1,0,0:0:0:0:
64,192,106942,1,0,0:0:0:0:
192,192,107123,1,0,0:0:0:0:
320,192,107304,1,0,0:0:0:0:
64,192,107304,1,0,0:0:0:0:
448,192,107484,1,0,0:0:0:0:
192,192,107484,1,0,0:0:0:0:
64,192,107484,1,0,0:0:0:0:
320,192,107665,1,0,0:0:0:0:
448,192,107891,1,0,0:0:0:0:
320,192,107936,1,0,0:0:0:0:
192,192,107981,1,0,0:0:0:0:
448,192,108027,1,0,0:0:0:0:
320,192,108027,1,0,0:0:0:0:
64,192,108027,1,0,0:0:0:0:
64,192,108388,1,0,0:0:0:0:
448,192,108388,1,0,0:0:0:0:
320,192,108569,1,0,0:0:0:0:
448,192,108749,1,0,0:0:0:0:
64,192,108749,1,0,0:0:0:0:
192,192,108930,1,0,0:0:0:0:
320,192,109111,1,0,0:0:0:0:
448,192,109111,1,0,0:0:0:0:
64,192,109111,1,0,0:0:0:0:
64,192,109292,1,0,0:0:0:0:
192,192,109292,1,0,0:0:0:0:
448,192,109292,1,0,0:0:0:0:
448,192,109472,1,0,0:0:0:0:
320,192,109472,1,0,0:0:0:0:
64,192,109472,1,0,0:0:0:0:
192,192,109653,1,0,0:0:0:0:
448,192,109834,1,0,0:0:0:0:
320,192,109834,1,0,0:0:0:0:
192,192,110015,1,0,0:0:0:0:
448,192,110015,1,0,0:0:0:0:
320,192,110015,1,0,0:0:0:0:
448,192,110195,1,0,0:0:0:0:
320,192,110195,1,0,0:0:0:0:
448,192,110376,1,0,0:0:0:0:
320,192,110376,1,0,0:0:0:0:
192,192,110376,1,0,0:0:0:0:
64,192,110557,1,0,0:0:0:0:
192,192,110737,1,0,0:0:0:0:
448,192,110918,1,0,0:0:0:0:
320,192,110918,1,0,0:0:0:0:
64,192,110918,1,0,0:0:0:0:
192,192,111099,1,0,0:0:0:0:
64,192,111280,1,0,0:0:0:0:
320,192,111280,1,0,0:0:0:0:
448,192,111460,1,0,0:0:0:0:
64,192,111641,1,0,0:0:0:0:
192,192,111641,1,0,0:0:0:0:
320,192,111822,1,0,0:0:0:0:
64,192,112003,1,0,0:0:0:0:
192,192,112003,1,0,0:0:0:0:
448,192,112003,1,0,0:0:0:0:
64,192,112183,1,0,0:0:0:0:
192,192,112183,1,0,0:0:0:0:
448,192,112183,1,0,0:0:0:0:
320,192,112364,1,0,0:0:0:0:
192,192,112364,1,0,0:0:0:0:
64,192,112364,1,0,0:0:0:0:
448,192,112545,1,0,0:0:0:0:
320,192,112590,1,0,0:0:0:0:
192,192,112725,1,0,0:0:0:0:
448,192,112725,1,0,0:0:0:0:
64,192,112816,1,0,0:0:0:0:
192,192,112906,1,0,0:0:0:0:
320,192,112906,1,0,0:0:0:0:
448,192,112906,1,0,0:0:0:0:
64,192,113087,1,0,0:0:0:0:
448,192,113087,1,0,0:0:0:0:
320,192,113268,1,0,0:0:0:0:
192,192,113268,1,0,0:0:0:0:
64,192,113268,1,0,0:0:0:0:
448,192,113448,1,0,0:0:0:0:
64,192,113674,1,0,0:0:0:0:
192,192,113719,1,0,0:0:0:0:
320,192,113765,1,0,0:0:0:0:
64,192,113810,1,0,0:0:0:0:
448,192,113810,1,0,0:0:0:0:
192,192,113810,1,0,0:0:0:0:
448,192,114171,1,0,0:0:0:0:
64,192,114171,1,0,0:0:0:0:
320,192,114352,1,0,0:0:0:0:
192,192,114533,1,0,0:0:0:0:
448,192,114533,1,0,0:0:0:0:
192,192,114713,1,0,0:0:0:0:
320,192,114894,1,0,0:0:0:0:
448,192,114894,1,0,0:0:0:0:
64,192,114894,1,0,0:0:0:0:
192,192,114984,1,0,0:0:0:0:
320,192,115075,1,0,0:0:0:0:
448,192,115075,1,0,0:0:0:0:
64,192,115075,1,0,0:0:0:0:
192,192,115165,1,0,0:0:0:0:
64,192,115256,1,0,0:0:0:0:
320,192,115256,1,0,0:0:0:0:
448,192,115256,1,0,0:0:0:0:
192,192,115436,1,0,0:0:0:0:
64,192,115617,1,0,0:0:0:0:
448,192,115617,1,0,0:0:0:0:
320,192,115798,1,0,0:0:0:0:
448,192,115798,1,0,0:0:0:0:
192,192,115798,1,0,0:0:0:0:
192,192,115978,1,0,0:0:0:0:
320,192,115978,1,0,0:0:0:0:
448,192,116069,1,0,0:0:0:0:
192,192,116159,1,0,0:0:0:0:
64,192,116159,1,0,0:0:0:0:
320,192,116159,1,0,0:0:0:0:
448,192,116340,1,0,0:0:0:0:
320,192,116521,1,0,0:0:0:0:
64,192,116701,1,0,0:0:0:0:
192,192,116701,1,0,0:0:0:0:
448,192,116701,1,0,0:0:0:0:
320,192,116882,1,0,0:0:0:0:
64,192,117063,1,0,0:0:0:0:
448,192,117063,1,0,0:0:0:0:
192,192,117243,1,0,0:0:0:0:
448,192,117424,1,0,0:0:0:0:
64,192,117424,1,0,0:0:0:0:
320,192,117605,1,0,0:0:0:0:
64,192,117786,1,0,0:0:0:0:
320,192,117786,1,0,0:0:0:0:
448,192,117786,1,0,0:0:0:0:
320,192,117966,1,0,0:0:0:0:
448,192,117966,1,0,0:0:0:0:
192,192,117966,1,0,0:0:0:0:
64,192,118147,1,0,0:0:0:0:
192,192,118147,1,0,0:0:0:0:
448,192,118147,1,0,0:0:0:0:
320,192,118328,1,0,0:0:0:0:
64,192,118509,1,0,0:0:0:0:
448,192,118509,1,0,0:0:0:0:
192,192,118509,1,0,0:0:0:0:
320,192,118689,1,0,0:0:0:0:
64,192,118870,1,0,0:0:0:0:
448,192,118870,1,0,0:0:0:0:
320,192,118960,1,0,0:0:0:0:
192,192,119051,1,0,0:0:0:0:
64,192,119051,1,0,0:0:0:0:
448,192,119051,1,0,0:0:0:0:
320,192,119231,1,0,0:0:0:0:
448,192,119457,1,0,0:0:0:0:
320,192,119503,1,0,0:0:0:0:
192,192,119548,1,0,0:0:0:0:
448,192,119593,1,0,0:0:0:0:
64,192,119593,1,0,0:0:0:0:
320,192,119593,1,0,0:0:0:0:
192,192,119864,1,0,0:0:0:0:
320,192,119954,1,0,0:0:0:0:
448,192,120135,1,0,0:0:0:0:
64,192,120316,1,0,0:0:0:0:
320,192,120316,1,0,0:0:0:0:
192,192,120496,1,0,0:0:0:0:
320,192,120587,1,0,0:0:0:0:
448,192,120677,1,0,0:0:0:0:
192,192,120677,1,0,0:0:0:0:
64,192,120677,1,0,0:0:0:0:
64,192,120858,1,0,0:0:0:0:
192,192,120858,1,0,0:0:0:0:
448,192,120858,1,0,0:0:0:0:
320,192,121039,1,0,0:0:0:0:
192,192,121039,1,0,0:0:0:0:
448,192,121039,1,0,0:0:0:0:
64,192,121219,1,0,0:0:0:0:
320,192,121400,1,0,0:0:0:0:
448,192,121581,1,0,0:0:0:0:
64,192,121581,1,0,0:0:0:0:
192,192,121581,1,0,0:0:0:0:
320,192,121762,1,0,0:0:0:0:
192,192,121762,1,0,0:0:0:0:
64,192,121942,1,0,0:0:0:0:
192,192,121942,1,0,0:0:0:0:
448,192,121942,1,0,0:0:0:0:
320,192,122033,1,0,0:0:0:0:
192,192,122123,1,0,0:0:0:0:
64,192,122304,1,0,0:0:0:0:
192,192,122484,1,0,0:0:0:0:
320,192,122484,1,0,0:0:0:0:
448,192,122484,1,0,0:0:0:0:
64,192,122665,1,0,0:0:0:0:
192,192,122801,1,0,0:0:0:0:
448,192,122846,1,0,0:0:0:0:
320,192,122846,1,0,0:0:0:0:
64,192,122846,1,0,0:0:0:0:
448,192,123027,1,0,0:0:0:0:
320,192,123027,1,0,0:0:0:0:
192,192,123027,1,0,0:0:0:0:
64,192,123027,1,0,0:0:0:0:
448,192,123207,1,0,0:0:0:0:
320,192,123207,1,0,0:0:0:0:
64,192,123388,1,0,0:0:0:0:
192,192,123478,1,0,0:0:0:0:
320,192,123569,1,0,0:0:0:0:
448,192,123569,1,0,0:0:0:0:
64,192,123569,1,0,0:0:0:0:
192,192,123749,1,0,0:0:0:0:
320,192,123749,1,0,0:0:0:0:
448,192,123749,1,0,0:0:0:0:
448,192,123930,1,0,0:0:0:0:
320,192,123930,1,0,0:0:0:0:
64,192,123930,1,0,0:0:0:0:
192,192,124201,1,0,0:0:0:0:
320,192,124292,1,0,0:0:0:0:
448,192,124472,1,0,0:0:0:0:
64,192,124472,1,0,0:0:0:0:
192,192,124472,1,0,0:0:0:0:
320,192,124653,1,0,0:0:0:0:
64,192,124653,1,0,0:0:0:0:
64,192,124834,1,0,0:0:0:0:
192,192,124834,1,0,0:0:0:0:
448,192,124834,1,0,0:0:0:0:
320,192,125015,1,0,0:0:0:0:
192,192,125195,1,0,0:0:0:0:
192,192,125376,1,0,0:0:0:0:
64,192,125376,1,0,0:0:0:0:
448,192,125376,1,0,0:0:0:0:
320,192,125647,1,0,0:0:0:0:
192,192,125737,1,0,0:0:0:0:
448,192,125737,1,0,0:0:0:0:
320,192,125737,1,0,0:0:0:0:
64,192,125737,1,0,0:0:0:0:
192,192,125918,1,0,0:0:0:0:
448,192,126099,1,0,0:0:0:0:
64,192,126099,1,0,0:0:0:0:
192,192,126280,1,0,0:0:0:0:
320,192,126460,1,0,0:0:0:0:
448,192,126460,1,0,0:0:0:0:
64,192,126460,1,0,0:0:0:0:
192,192,126641,1,0,0:0:0:0:
320,192,126641,1,0,0:0:0:0:
448,192,126641,1,0,0:0:0:0:
64,192,126822,1,0,0:0:0:0:
192,192,126822,1,0,0:0:0:0:
448,192,126822,1,0,0:0:0:0:
192,192,127093,1,0,0:0:0:0:
64,192,127183,1,0,0:0:0:0:
64,192,127364,1,0,0:0:0:0:
448,192,127364,1,0,0:0:0:0:
320,192,127364,1,0,0:0:0:0:
192,192,127545,1,0,0:0:0:0:
448,192,127545,1,0,0:0:0:0:
320,192,127725,1,0,0:0:0:0:
64,192,127725,1,0,0:0:0:0:
192,192,127725,1,0,0:0:0:0:
448,192,127906,1,0,0:0:0:0:
64,192,128087,1,0,0:0:0:0:
320,192,128268,1,0,0:0:0:0:
192,192,128268,1,0,0:0:0:0:
448,192,128268,1,0,0:0:0:0:
64,192,128539,1,0,0:0:0:0:
192,192,128629,1,0,0:0:0:0:
320,192,128629,1,0,0:0:0:0:
448,192,128629,1,0,0:0:0:0:
64,192,128629,1,0,0:0:0:0:
192,192,128810,1,0,0:0:0:0:
320,192,128810,1,0,0:0:0:0:
448,192,128810,1,0,0:0:0:0:
64,192,128810,1,0,0:0:0:0:
448,192,128990,1,0,0:0:0:0:
320,192,128990,1,0,0:0:0:0:
192,192,129171,1,0,0:0:0:0:
64,192,129352,1,0,0:0:0:0:
320,192,129352,1,0,0:0:0:0:
448,192,129352,1,0,0:0:0:0:
64,192,129533,1,0,0:0:0:0:
192,192,129533,1,0,0:0:0:0:
448,192,129533,1,0,0:0:0:0:
320,192,129623,1,0,0:0:0:0:
192,192,129713,1,0,0:0:0:0:
448,192,129713,1,0,0:0:0:0:
64,192,129713,1,0,0:0:0:0:
320,192,129894,1,0,0:0:0:0:
192,192,130075,1,0,0:0:0:0:
64,192,130256,1,0,0:0:0:0:
448,192,130256,1,0,0:0:0:0:
320,192,130256,1,0,0:0:0:0:
192,192,130436,1,0,0:0:0:0:
320,192,130436,1,0,0:0:0:0:
64,192,130617,1,0,0:0:0:0:
192,192,130617,1,0,0:0:0:0:
448,192,130617,1,0,0:0:0:0:
320,192,130707,1,0,0:0:0:0:
192,192,130798,1,0,0:0:0:0:
320,192,130978,1,0,0:0:0:0:
448,192,131159,1,0,0:0:0:0:
64,192,131159,1,0,0:0:0:0:
192,192,131159,1,0,0:0:0:0:
320,192,131340,1,0,0:0:0:0:
64,192,131521,1,0,0:0:0:0:
448,192,131566,1,0,0:0:0:0:
192,192,131701,1,0,0:0:0:0:
320,192,131882,1,0,0:0:0:0:
64,192,131882,1,0,0:0:0:0:
192,192,132063,1,0,0:0:0:0:
448,192,132243,1,0,0:0:0:0:
64,192,132243,1,0,0:0:0:0:
320,192,132243,1,0,0:0:0:0:
192,192,132424,1,0,0:0:0:0:
320,192,132424,1,0,0:0:0:0:
448,192,132424,1,0,0:0:0:0:
320,192,132605,1,0,0:0:0:0:
448,192,132605,1,0,0:0:0:0:
64,192,132605,1,0,0:0:0:0:
192,192,132786,1,0,0:0:0:0:
320,192,132966,1,0,0:0:0:0:
64,192,133147,1,0,0:0:0:0:
192,192,133147,1,0,0:0:0:0:
320,192,133147,1,0,0:0:0:0:
64,192,133328,1,0,0:0:0:0:
192,192,133328,1,0,0:0:0:0:
320,192,133509,1,0,0:0:0:0:
192,192,133509,1,0,0:0:0:0:
64,192,133509,1,0,0:0:0:0:
448,192,133509,1,0,0:0:0:0:
320,192,133644,1,0,0:0:0:0:
448,192,133689,1,0,0:0:0:0:
320,192,133870,1,0,0:0:0:0:
192,192,133960,1,0,0:0:0:0:
64,192,134051,1,0,0:0:0:0:
320,192,134051,1,0,0:0:0:0:
448,192,134051,1,0,0:0:0:0:
192,192,134141,1,0,0:0:0:0:
320,192,134231,1,0,0:0:0:0:
448,192,134412,1,0,0:0:0:0:
64,192,134412,1,0,0:0:0:0:
192,192,134593,1,0,0:0:0:0:
448,192,134774,1,0,0:0:0:0:
64,192,134774,1,0,0:0:0:0:
192,192,134954,1,0,0:0:0:0:
448,192,134999,1,0,0:0:0:0:
320,192,135135,1,0,0:0:0:0:
448,192,135135,1,0,0:0:0:0:
64,192,135135,1,0,0:0:0:0:
320,192,135316,1,0,0:0:0:0:
448,192,135316,1,0,0:0:0:0:
192,192,135316,1,0,0:0:0:0:
320,192,135496,1,0,0:0:0:0:
448,192,135496,1,0,0:0:0:0:
64,192,135496,1,0,0:0:0:0:
192,192,135677,1,0,0:0:0:0:
320,192,135768,1,0,0:0:0:0:
448,192,135858,1,0,0:0:0:0:
64,192,135858,1,0,0:0:0:0:
192,192,136039,1,0,0:0:0:0:
448,192,136219,1,0,0:0:0:0:
320,192,136219,1,0,0:0:0:0:
448,192,136400,1,0,0:0:0:0:
192,192,136400,1,0,0:0:0:0:
64,192,136400,1,0,0:0:0:0:
320,192,136581,1,0,0:0:0:0:
64,192,136807,1,0,0:0:0:0:
192,192,136852,1,0,0:0:0:0:
320,192,136897,1,0,0:0:0:0:
448,192,136942,1,0,0:0:0:0:
192,192,136942,1,0,0:0:0:0:
64,192,136942,1,0,0:0:0:0:
320,192,137123,1,0,0:0:0:0:
64,192,137304,1,0,0:0:0:0:
448,192,137304,1,0,0:0:0:0:
320,192,137484,1,0,0:0:0:0:
192,192,137665,1,0,0:0:0:0:
64,192,137665,1,0,0:0:0:0:
320,192,137846,1,0,0:0:0:0:
448,192,137936,1,0,0:0:0:0:
320,192,138027,1,0,0:0:0:0:
192,192,138027,1,0,0:0:0:0:
64,192,138027,1,0,0:0:0:0:
448,192,138207,1,0,0:0:0:0:
192,192,138207,1,0,0:0:0:0:
64,192,138207,1,0,0:0:0:0:
320,192,138388,1,0,0:0:0:0:
448,192,138388,1,0,0:0:0:0:
64,192,138388,1,0,0:0:0:0:
192,192,138569,1,0,0:0:0:0:
320,192,138749,1,0,0:0:0:0:
448,192,138930,1,0,0:0:0:0:
192,192,138930,1,0,0:0:0:0:
64,192,138930,1,0,0:0:0:0:
320,192,139111,1,0,0:0:0:0:
192,192,139111,1,0,0:0:0:0:
64,192,139292,1,0,0:0:0:0:
448,192,139292,1,0,0:0:0:0:
192,192,139472,1,0,0:0:0:0:
320,192,139653,1,0,0:0:0:0:
448,192,139834,1,0,0:0:0:0:
64,192,139834,1,0,0:0:0:0:
192,192,139834,1,0,0:0:0:0:
320,192,139834,1,0,0:0:0:0:
192,192,140015,1,0,0:0:0:0:
320,192,140195,1,0,0:0:0:0:
448,192,140376,1,0,0:0:0:0:
320,192,140557,1,0,0:0:0:0:
192,192,140737,1,0,0:0:0:0:
64,192,140918,1,0,0:0:0:0:
192,192,141099,1,0,0:0:0:0:
320,192,141280,1,0,0:0:0:0:
448,192,141460,1,0,0:0:0:0:
320,192,141641,1,0,0:0:0:0:
448,192,141822,1,0,0:0:0:0:
64,192,142003,1,0,0:0:0:0:
192,192,142003,1,0,0:0:0:0:
320,192,142183,1,0,0:0:0:0:
64,192,142183,1,0,0:0:0:0:
192,192,142183,1,0,0:0:0:0:
448,192,142183,1,0,0:0:0:0:
320,192,142364,1,0,0:0:0:0:
448,192,142590,1,0,0:0:0:0:
320,192,142635,1,0,0:0:0:0:
192,192,142680,1,0,0:0:0:0:
448,192,142725,1,0,0:0:0:0:
320,192,142725,1,0,0:0:0:0:
64,192,142725,1,0,0:0:0:0:
64,192,143087,1,0,0:0:0:0:
192,192,143222,1,0,0:0:0:0:
320,192,143313,1,0,0:0:0:0:
448,192,143448,1,0,0:0:0:0:
64,192,143448,1,0,0:0:0:0:
192,192,143629,1,0,0:0:0:0:
320,192,143810,1,0,0:0:0:0:
448,192,143810,1,0,0:0:0:0:
64,192,143810,1,0,0:0:0:0:
320,192,143990,1,0,0:0:0:0:
448,192,143990,1,0,0:0:0:0:
192,192,143990,1,0,0:0:0:0:
64,192,144081,1,0,0:0:0:0:
192,192,144171,1,0,0:0:0:0:
448,192,144171,1,0,0:0:0:0:
320,192,144171,1,0,0:0:0:0:
64,192,144307,1,0,0:0:0:0:
192,192,144352,1,0,0:0:0:0:
320,192,144442,1,0,0:0:0:0:
448,192,144533,1,0,0:0:0:0:
64,192,144533,1,0,0:0:0:0:
192,192,144713,1,0,0:0:0:0:
448,192,144713,1,0,0:0:0:0:
320,192,144713,1,0,0:0:0:0:
64,192,144804,1,0,0:0:0:0:
448,192,144894,1,0,0:0:0:0:
320,192,144894,1,0,0:0:0:0:
64,192,145075,1,0,0:0:0:0:
448,192,145075,1,0,0:0:0:0:
192,192,145075,1,0,0:0:0:0:
320,192,145256,1,0,0:0:0:0:
192,192,145346,1,0,0:0:0:0:
64,192,145436,1,0,0:0:0:0:
320,192,145617,1,0,0:0:0:0:
448,192,145617,1,0,0:0:0:0:
192,192,145617,1,0,0:0:0:0:
64,192,145707,1,0,0:0:0:0:
192,192,145798,1,0,0:0:0:0:
320,192,145978,1,0,0:0:0:0:
448,192,145978,1,0,0:0:0:0:
192,192,146159,1,0,0:0:0:0:
64,192,146295,1,0,0:0:0:0:
320,192,146340,1,0,0:0:0:0:
448,192,146340,1,0,0:0:0:0:
192,192,146521,1,0,0:0:0:0:
320,192,146611,1,0,0:0:0:0:
448,192,146701,1,0,0:0:0:0:
64,192,146701,1,0,0:0:0:0:
192,192,146701,1,0,0:0:0:0:
320,192,146792,1,0,0:0:0:0:
320,192,146882,1,0,0:0:0:0:
448,192,146882,1,0,0:0:0:0:
64,192,146882,1,0,0:0:0:0:
192,192,147063,1,0,0:0:0:0:
320,192,147063,1,0,0:0:0:0:
448,192,147063,1,0,0:0:0:0:
64,192,147243,1,0,0:0:0:0:
448,192,147424,1,0,0:0:0:0:
320,192,147424,1,0,0:0:0:0:
192,192,147605,1,0,0:0:0:0:
320,192,147695,1,0,0:0:0:0:
448,192,147786,1,0,0:0:0:0:
64,192,147786,1,0,0:0:0:0:
320,192,147876,1,0,0:0:0:0:
192,192,147966,1,0,0:0:0:0:
64,192,148147,1,0,0:0:0:0:
192,192,148237,1,0,0:0:0:0:
64,192,148373,1,0,0:0:0:0:
192,192,148418,1,0,0:0:0:0:
320,192,148463,1,0,0:0:0:0:
192,192,148509,1,0,0:0:0:0:
64,192,148509,1,0,0:0:0:0:
448,192,148509,1,0,0:0:0:0:
320,192,148644,1,0,0:0:0:0:
64,192,148870,1,0,0:0:0:0:
448,192,148870,1,0,0:0:0:0:
320,192,149051,1,0,0:0:0:0:
192,192,149141,1,0,0:0:0:0:
64,192,149231,1,0,0:0:0:0:
192,192,149322,1,0,0:0:0:0:
320,192,149412,1,0,0:0:0:0:
448,192,149503,1,0,0:0:0:0:
320,192,149593,1,0,0:0:0:0:
192,192,149683,1,0,0:0:0:0:
64,192,149774,1,0,0:0:0:0:
192,192,149864,1,0,0:0:0:0:
320,192,149954,1,0,0:0:0:0:
448,192,149954,1,0,0:0:0:0:
64,192,149954,1,0,0:0:0:0:
192,192,150135,1,0,0:0:0:0:
448,192,150135,1,0,0:0:0:0:
320,192,150316,1,0,0:0:0:0:
64,192,150316,1,0,0:0:0:0:
192,192,150496,1,0,0:0:0:0:
64,192,150496,1,0,0:0:0:0:
448,192,150496,1,0,0:0:0:0:
320,192,150587,1,0,0:0:0:0:
192,192,150677,1,0,0:0:0:0:
64,192,150768,1,0,0:0:0:0:
448,192,150858,1,0,0:0:0:0:
320,192,150948,1,0,0:0:0:0:
64,192,150993,1,0,0:0:0:0:
192,192,151039,1,0,0:0:0:0:
320,192,151084,1,0,0:0:0:0:
448,192,151219,1,0,0:0:0:0:
64,192,151400,1,0,0:0:0:0:
192,192,151400,1,0,0:0:0:0:
448,192,151400,1,0,0:0:0:0:
320,192,151490,1,0,0:0:0:0:
192,192,151581,1,0,0:0:0:0:
64,192,151671,1,0,0:0:0:0:
448,192,151762,1,0,0:0:0:0:
320,192,151762,1,0,0:0:0:0:
192,192,151942,1,0,0:0:0:0:
64,192,152033,1,0,0:0:0:0:
192,192,152123,1,0,0:0:0:0:
320,192,152123,1,0,0:0:0:0:
448,192,152304,1,0,0:0:0:0:
64,192,152304,1,0,0:0:0:0:
320,192,152484,1,0,0:0:0:0:
448,192,152484,1,0,0:0:0:0:
192,192,152484,1,0,0:0:0:0:
448,192,152665,1,0,0:0:0:0:
320,192,152665,1,0,0:0:0:0:
64,192,152665,1,0,0:0:0:0:
192,192,152846,1,0,0:0:0:0:
320,192,152846,1,0,0:0:0:0:
448,192,152846,1,0,0:0:0:0:
64,192,153027,1,0,0:0:0:0:
192,192,153117,1,0,0:0:0:0:
320,192,153207,1,0,0:0:0:0:
448,192,153298,1,0,0:0:0:0:
192,192,153388,1,0,0:0:0:0:
320,192,153478,1,0,0:0:0:0:
64,192,153569,1,0,0:0:0:0:
448,192,153569,1,0,0:0:0:0:
192,192,153659,1,0,0:0:0:0:
320,192,153749,1,0,0:0:0:0:
448,192,153749,1,0,0:0:0:0:
64,192,153749,1,0,0:0:0:0:
192,192,153840,1,0,0:0:0:0:
320,192,153930,128,0,154021:0:0:0:0:
448,192,154021,128,0,154292:0:0:0:0:
64,192,154201,1,0,0:0:0:0:
320,192,154292,1,0,0:0:0:0:
192,192,154382,1,0,0:0:0:0:
64,192,154472,1,0,0:0:0:0:
64,192,154743,1,0,0:0:0:0:
192,192,154834,1,0,0:0:0:0:
320,192,155015,1,0,0:0:0:0:
448,192,155015,1,0,0:0:0:0:
192,192,155105,1,0,0:0:0:0:
64,192,155195,1,0,0:0:0:0:
192,192,155286,1,0,0:0:0:0:
320,192,155376,1,0,0:0:0:0:
448,192,155376,1,0,0:0:0:0:
64,192,155376,1,0,0:0:0:0:
192,192,155466,1,0,0:0:0:0:
320,192,155557,1,0,0:0:0:0:
448,192,155647,1,0,0:0:0:0:
320,192,155737,1,0,0:0:0:0:
192,192,155828,1,0,0:0:0:0:
64,192,155918,1,0,0:0:0:0:
320,192,156099,1,0,0:0:0:0:
192,192,156099,1,0,0:0:0:0:
448,192,156189,1,0,0:0:0:0:
320,192,156280,1,0,0:0:0:0:
64,192,156460,1,0,0:0:0:0:
448,192,156460,1,0,0:0:0:0:
192,192,156641,1,0,0:0:0:0:
320,192,156641,1,0,0:0:0:0:
448,192,156641,1,0,0:0:0:0:
64,192,156822,1,0,0:0:0:0:
192,192,156912,1,0,0:0:0:0:
320,192,157093,1,0,0:0:0:0:
448,192,157183,1,0,0:0:0:0:
192,192,157183,1,0,0:0:0:0:
64,192,157183,1,0,0:0:0:0:
320,192,157274,1,0,0:0:0:0:
192,192,157364,1,0,0:0:0:0:
64,192,157545,1,0,0:0:0:0:
448,192,157545,1,0,0:0:0:0:
320,192,157725,1,0,0:0:0:0:
192,192,157816,1,0,0:0:0:0:
448,192,157906,1,0,0:0:0:0:
64,192,157906,1,0,0:0:0:0:
192,192,157996,1,0,0:0:0:0:
320,192,158087,1,0,0:0:0:0:
192,192,158177,1,0,0:0:0:0:
64,192,158268,1,0,0:0:0:0:
448,192,158268,1,0,0:0:0:0:
320,192,158268,1,0,0:0:0:0:
192,192,158358,1,0,0:0:0:0:
320,192,158448,1,0,0:0:0:0:
448,192,158539,1,0,0:0:0:0:
320,192,158629,1,0,0:0:0:0:
192,192,158719,1,0,0:0:0:0:
64,192,158810,1,0,0:0:0:0:
192,192,158900,1,0,0:0:0:0:
320,192,158990,1,0,0:0:0:0:
448,192,159081,1,0,0:0:0:0:
320,192,159171,1,0,0:0:0:0:
192,192,159262,1,0,0:0:0:0:
64,192,159352,1,0,0:0:0:0:
448,192,159352,1,0,0:0:0:0:
192,192,159442,1,0,0:0:0:0:
320,192,159533,1,0,0:0:0:0:
448,192,159533,1,0,0:0:0:0:
64,192,159533,1,0,0:0:0:0:
192,192,159623,1,0,0:0:0:0:
320,192,159713,1,0,0:0:0:0:
448,192,159804,1,0,0:0:0:0:
64,192,159939,1,0,0:0:0:0:
192,192,159984,1,0,0:0:0:0:
320,192,160030,1,0,0:0:0:0:
448,192,160075,1,0,0:0:0:0:
64,192,160075,1,0,0:0:0:0:
192,192,160075,1,0,0:0:0:0:
320,192,160256,1,0,0:0:0:0:
192,192,160346,1,0,0:0:0:0:
64,192,160436,1,0,0:0:0:0:
448,192,160436,1,0,0:0:0:0:
320,192,160617,1,0,0:0:0:0:
192,192,160707,1,0,0:0:0:0:
64,192,160798,1,0,0:0:0:0:
192,192,160978,1,0,0:0:0:0:
320,192,161069,1,0,0:0:0:0:
448,192,161159,1,0,0:0:0:0:
192,192,161159,1,0,0:0:0:0:
64,192,161159,1,0,0:0:0:0:
320,192,161340,1,0,0:0:0:0:
448,192,161430,1,0,0:0:0:0:
192,192,161521,1,0,0:0:0:0:
64,192,161611,1,0,0:0:0:0:
192,192,161701,1,0,0:0:0:0:
320,192,161792,1,0,0:0:0:0:
448,192,161882,1,0,0:0:0:0:
64,192,161882,1,0,0:0:0:0:
320,192,161972,1,0,0:0:0:0:
192,192,162063,1,0,0:0:0:0:
320,192,162153,1,0,0:0:0:0:
448,192,162243,1,0,0:0:0:0:
64,192,162243,1,0,0:0:0:0:
192,192,162334,1,0,0:0:0:0:
320,192,162424,1,0,0:0:0:0:
448,192,162424,1,0,0:0:0:0:
64,192,162424,1,0,0:0:0:0:
192,192,162515,1,0,0:0:0:0:
320,192,162605,1,0,0:0:0:0:
448,192,162695,1,0,0:0:0:0:
320,192,162786,1,0,0:0:0:0:
192,192,162876,1,0,0:0:0:0:
64,192,162966,1,0,0:0:0:0:
320,192,162966,1,0,0:0:0:0:
448,192,162966,1,0,0:0:0:0:
192,192,163057,1,0,0:0:0:0:
320,192,163147,1,0,0:0:0:0:
448,192,163237,1,0,0:0:0:0:
320,192,163328,1,0,0:0:0:0:
192,192,163328,1,0,0:0:0:0:
64,192,163509,1,0,0:0:0:0:
192,192,163599,1,0,0:0:0:0:
448,192,163689,1,0,0:0:0:0:
64,192,163689,1,0,0:0:0:0:
320,192,163780,1,0,0:0:0:0:
192,192,163870,1,0,0:0:0:0:
64,192,164051,1,0,0:0:0:0:
192,192,164231,1,0,0:0:0:0:
448,192,164231,1,0,0:0:0:0:
320,192,164231,1,0,0:0:0:0:
64,192,164322,1,0,0:0:0:0:
192,192,164412,1,0,0:0:0:0:
320,192,164412,1,0,0:0:0:0:
448,192,164412,1,0,0:0:0:0:
64,192,164593,1,0,0:0:0:0:
192,192,164683,1,0,0:0:0:0:
320,192,164774,1,0,0:0:0:0:
448,192,164864,1,0,0:0:0:0:
320,192,164954,1,0,0:0:0:0:
192,192,165045,1,0,0:0:0:0:
64,192,165135,1,0,0:0:0:0:
448,192,165135,1,0,0:0:0:0:
192,192,165225,1,0,0:0:0:0:
320,192,165316,1,0,0:0:0:0:
448,192,165316,1,0,0:0:0:0:
64,192,165316,1,0,0:0:0:0:
192,192,165406,1,0,0:0:0:0:
320,192,165496,1,0,0:0:0:0:
448,192,165587,1,0,0:0:0:0:
320,192,165677,1,0,0:0:0:0:
192,192,165768,1,0,0:0:0:0:
64,192,165858,1,0,0:0:0:0:
320,192,165858,1,0,0:0:0:0:
448,192,165858,1,0,0:0:0:0:
192,192,166219,128,0,166581:0:0:0:0:
320,192,166581,128,0,166942:0:0:0:0:
192,192,166942,1,0,0:0:0:0:
64,192,166942,1,0,0:0:0:0:
448,192,166942,1,0,0:0:0:0:
320,192,167033,1,0,0:0:0:0:
192,192,167123,1,0,0:0:0:0:
448,192,167123,1,0,0:0:0:0:
64,192,167123,1,0,0:0:0:0:
320,192,167304,1,0,0:0:0:0:
448,192,167304,1,0,0:0:0:0:
64,192,167304,1,0,0:0:0:0:
192,192,167484,1,0,0:0:0:0:
320,192,167665,1,0,0:0:0:0:
64,192,167846,1,0,0:0:0:0:
192,192,167846,1,0,0:0:0:0:
448,192,167846,1,0,0:0:0:0:
320,192,167936,1,0,0:0:0:0:
192,192,168027,1,0,0:0:0:0:
64,192,168207,1,0,0:0:0:0:
320,192,168207,1,0,0:0:0:0:
448,192,168207,1,0,0:0:0:0:
192,192,168388,1,0,0:0:0:0:
320,192,168478,1,0,0:0:0:0:
448,192,168569,1,0,0:0:0:0:
64,192,168749,1,0,0:0:0:0:
320,192,168749,1,0,0:0:0:0:
192,192,168749,1,0,0:0:0:0:
448,192,168840,1,0,0:0:0:0:
320,192,168930,1,0,0:0:0:0:
64,192,169111,1,0,0:0:0:0:
448,192,169111,1,0,0:0:0:0:
192,192,169292,1,0,0:0:0:0:
320,192,169382,1,0,0:0:0:0:
448,192,169472,1,0,0:0:0:0:
320,192,169653,1,0,0:0:0:0:
64,192,169834,1,0,0:0:0:0:
192,192,169834,1,0,0:0:0:0:
448,192,169834,1,0,0:0:0:0:
320,192,169924,1,0,0:0:0:0:
448,192,170015,1,0,0:0:0:0:
192,192,170195,1,0,0:0:0:0:
64,192,170195,1,0,0:0:0:0:
448,192,170195,1,0,0:0:0:0:
320,192,170376,1,0,0:0:0:0:
192,192,170466,1,0,0:0:0:0:
64,192,170557,1,0,0:0:0:0:
448,192,170737,1,0,0:0:0:0:
320,192,170737,1,0,0:0:0:0:
64,192,170737,1,0,0:0:0:0:
192,192,170918,1,0,0:0:0:0:
448,192,171099,1,0,0:0:0:0:
320,192,171099,1,0,0:0:0:0:
64,192,171099,1,0,0:0:0:0:
192,192,171280,1,0,0:0:0:0:
320,192,171370,1,0,0:0:0:0:
192,192,171460,1,0,0:0:0:0:
64,192,171641,1,0,0:0:0:0:
320,192,171641,1,0,0:0:0:0:
448,192,171641,1,0,0:0:0:0:
192,192,171731,1,0,0:0:0:0:
320,192,171822,1,0,0:0:0:0:
448,192,171912,1,0,0:0:0:0:
320,192,172003,1,0,0:0:0:0:
192,192,172093,1,0,0:0:0:0:
64,192,172183,1,0,0:0:0:0:
320,192,172364,1,0,0:0:0:0:
192,192,172545,1,0,0:0:0:0:
320,192,172725,1,0,0:0:0:0:
448,192,172725,1,0,0:0:0:0:
64,192,172725,1,0,0:0:0:0:
192,192,172816,1,0,0:0:0:0:
320,192,172906,1,0,0:0:0:0:
448,192,172906,1,0,0:0:0:0:
64,192,172906,1,0,0:0:0:0:
192,192,173087,1,0,0:0:0:0:
320,192,173087,1,0,0:0:0:0:
448,192,173087,1,0,0:0:0:0:
64,192,173268,1,0,0:0:0:0:
192,192,173358,1,0,0:0:0:0:
320,192,173448,1,0,0:0:0:0:
448,192,173629,1,0,0:0:0:0:
64,192,173629,1,0,0:0:0:0:
192,192,173629,1,0,0:0:0:0:
320,192,173810,1,0,0:0:0:0:
64,192,173990,1,0,0:0:0:0:
448,192,173990,1,0,0:0:0:0:
192,192,173990,1,0,0:0:0:0:
320,192,174081,1,0,0:0:0:0:
192,192,174171,1,0,0:0:0:0:
64,192,174352,1,0,0:0:0:0:
320,192,174442,1,0,0:0:0:0:
448,192,174533,1,0,0:0:0:0:
192,192,174533,1,0,0:0:0:0:
64,192,174533,1,0,0:0:0:0:
320,192,174713,1,0,0:0:0:0:
64,192,174894,1,0,0:0:0:0:
192,192,174984,1,0,0:0:0:0:
320,192,175075,1,0,0:0:0:0:
448,192,175256,1,0,0:0:0:0:
64,192,175436,1,0,0:0:0:0:
192,192,175527,1,0,0:0:0:0:
448,192,175617,1,0,0:0:0:0:
320,192,175617,1,0,0:0:0:0:
64,192,175617,1,0,0:0:0:0:
192,192,175798,1,0,0:0:0:0:
320,192,175798,1,0,0:0:0:0:
448,192,175798,1,0,0:0:0:0:
448,192,175978,1,0,0:0:0:0:
320,192,175978,1,0,0:0:0:0:
64,192,175978,1,0,0:0:0:0:
192,192,176159,1,0,0:0:0:0:
192,192,176340,1,0,0:0:0:0:
320,192,176430,1,0,0:0:0:0:
192,192,176521,1,0,0:0:0:0:
64,192,176521,1,0,0:0:0:0:
448,192,176521,1,0,0:0:0:0:
320,192,176611,1,0,0:0:0:0:
64,192,176701,1,0,0:0:0:0:
448,192,176882,1,0,0:0:0:0:
320,192,176882,1,0,0:0:0:0:
192,192,176882,1,0,0:0:0:0:
64,192,177063,1,0,0:0:0:0:
448,192,177424,1,0,0:0:0:0:
64,192,177424,1,0,0:0:0:0:
192,192,177424,1,0,0:0:0:0:
448,192,178147,1,0,0:0:0:0:
64,192,178147,1,0,0:0:0:0:
448,192,178509,1,0,0:0:0:0:
320,192,178509,1,0,0:0:0:0:
64,192,178509,1,0,0:0:0:0:
64,192,178689,1,0,0:0:0:0:
320,192,178689,1,0,0:0:0:0:
192,192,178689,1,0,0:0:0:0:
448,192,178870,1,0,0:0:0:0:
192,192,178870,1,0,0:0:0:0:
64,192,178870,1,0,0:0:0:0:
320,192,178960,1,0,0:0:0:0:
192,192,179051,1,0,0:0:0:0:
64,192,179141,1,0,0:0:0:0:
320,192,179231,1,0,0:0:0:0:
448,192,179322,1,0,0:0:0:0:
192,192,179412,1,0,0:0:0:0:
64,192,179412,1,0,0:0:0:0:
320,192,179412,1,0,0:0:0:0:
448,192,179503,1,0,0:0:0:0:
192,192,179593,1,0,0:0:0:0:
320,192,179593,1,0,0:0:0:0:
64,192,179683,1,0,0:0:0:0:
192,192,179774,1,0,0:0:0:0:
320,192,179774,1,0,0:0:0:0:
448,192,179774,1,0,0:0:0:0:
64,192,179864,1,0,0:0:0:0:
192,192,179954,1,0,0:0:0:0:
64,192,180045,1,0,0:0:0:0:
448,192,180135,1,0,0:0:0:0:
320,192,180225,1,0,0:0:0:0:
192,192,180316,1,0,0:0:0:0:
64,192,180316,1,0,0:0:0:0:
448,192,180316,1,0,0:0:0:0:
320,192,180406,1,0,0:0:0:0:
192,192,180496,1,0,0:0:0:0:
448,192,180587,1,0,0:0:0:0:
64,192,180677,1,4,0:0:0:0:
192,192,180677,1,4,0:0:0:0:
320,192,180677,1,4,0:0:0:0:
448,192,180768,1,0,0:0:0:0:
64,192,180858,1,4,0:0:0:0:
192,192,180858,1,4,0:0:0:0:
320,192,180858,1,4,0:0:0:0:
448,192,180948,1,0,0:0:0:0:
192,192,181039,1,4,0:0:0:0:
64,192,181039,1,4,0:0:0:0:
320,192,181039,1,4,0:0:0:0:
448,192,181129,1,0,0:0:0:0:
192,192,181219,1,0,0:0:0:0:
64,192,181310,1,0,0:0:0:0:
192,192,181400,1,0,0:0:0:0:
320,192,181400,1,0,0:0:0:0:
448,192,181400,1,0,0:0:0:0:
64,192,181490,1,0,0:0:0:0:
192,192,181581,1,0,0:0:0:0:
448,192,181581,1,0,0:0:0:0:
320,192,181581,1,0,0:0:0:0:
64,192,181671,1,0,0:0:0:0:
448,192,181762,1,0,0:0:0:0:
320,192,181762,1,0,0:0:0:0:
192,192,181762,1,0,0:0:0:0:
64,192,181852,1,0,0:0:0:0:
192,192,181942,1,0,0:0:0:0:
320,192,182033,1,0,0:0:0:0:
448,192,182123,1,0,0:0:0:0:
320,192,182213,1,0,0:0:0:0:
192,192,182304,1,0,0:0:0:0:
448,192,182304,1,0,0:0:0:0:
64,192,182304,1,0,0:0:0:0:
320,192,182394,1,0,0:0:0:0:
64,192,182484,1,0,0:0:0:0:
448,192,182484,1,0,0:0:0:0:
192,192,182575,1,0,0:0:0:0:
320,192,182665,1,0,0:0:0:0:
448,192,182665,1,0,0:0:0:0:
64,192,182665,1,0,0:0:0:0:
192,192,182756,1,0,0:0:0:0:
320,192,182846,1,0,0:0:0:0:
448,192,182936,1,0,0:0:0:0:
320,192,183027,1,0,0:0:0:0:
192,192,183117,1,0,0:0:0:0:
64,192,183207,1,0,0:0:0:0:
448,192,183207,1,0,0:0:0:0:
320,192,183298,1,0,0:0:0:0:
192,192,183388,1,0,0:0:0:0:
64,192,183478,1,0,0:0:0:0:
192,192,183569,1,0,0:0:0:0:
448,192,183569,1,0,0:0:0:0:
320,192,183569,1,0,0:0:0:0:
64,192,183659,1,0,0:0:0:0:
192,192,183749,1,0,0:0:0:0:
320,192,183840,1,0,0:0:0:0:
448,192,183930,1,0,0:0:0:0:
64,192,183930,1,0,0:0:0:0:
192,192,184021,1,0,0:0:0:0:
320,192,184111,1,0,0:0:0:0:
448,192,184201,1,0,0:0:0:0:
320,192,184292,1,0,0:0:0:0:
192,192,184292,1,0,0:0:0:0:
64,192,184292,1,0,0:0:0:0:
448,192,184382,1,0,0:0:0:0:
320,192,184472,1,0,0:0:0:0:
64,192,184472,1,0,0:0:0:0:
192,192,184472,1,0,0:0:0:0:
448,192,184563,1,0,0:0:0:0:
320,192,184653,1,0,0:0:0:0:
192,192,184653,1,0,0:0:0:0:
64,192,184653,1,0,0:0:0:0:
448,192,184743,1,0,0:0:0:0:
320,192,184834,1,0,0:0:0:0:
64,192,184924,1,0,0:0:0:0:
448,192,185015,1,0,0:0:0:0:
320,192,185105,1,0,0:0:0:0:
64,192,185195,1,0,0:0:0:0:
192,192,185195,1,0,0:0:0:0:
448,192,185195,1,0,0:0:0:0:
320,192,185286,1,0,0:0:0:0:
192,192,185376,1,0,0:0:0:0:
64,192,185376,1,0,0:0:0:0:
448,192,185466,1,0,0:0:0:0:
64,192,185557,1,0,0:0:0:0:
192,192,185557,1,0,0:0:0:0:
320,192,185557,1,0,0:0:0:0:
448,192,185647,1,0,0:0:0:0:
320,192,185737,1,0,0:0:0:0:
64,192,185828,1,0,0:0:0:0:
192,192,185918,1,0,0:0:0:0:
320,192,186009,1,0,0:0:0:0:
448,192,186099,1,0,0:0:0:0:
64,192,186099,1,0,0:0:0:0:
192,192,186099,1,0,0:0:0:0:
320,192,186189,1,0,0:0:0:0:
64,192,186280,1,0,0:0:0:0:
448,192,186370,1,0,0:0:0:0:
192,192,186460,1,4,0:0:0:0:
64,192,186460,1,4,0:0:0:0:
320,192,186460,1,4,0:0:0:0:
448,192,186551,1,0,0:0:0:0:
192,192,186641,1,4,0:0:0:0:
64,192,186641,1,4,0:0:0:0:
320,192,186641,1,4,0:0:0:0:
448,192,186731,1,0,0:0:0:0:
320,192,186822,1,4,0:0:0:0:
192,192,186822,1,4,0:0:0:0:
64,192,186912,1,0,0:0:0:0:
320,192,187003,1,0,0:0:0:0:
192,192,187093,1,0,0:0:0:0:
64,192,187183,1,0,0:0:0:0:
320,192,187183,1,0,0:0:0:0:
448,192,187183,1,0,0:0:0:0:
192,192,187274,1,0,0:0:0:0:
320,192,187364,1,0,0:0:0:0:
448,192,187364,1,0,0:0:0:0:
64,192,187364,1,0,0:0:0:0:
192,192,187454,1,0,0:0:0:0:
64,192,187545,1,0,0:0:0:0:
320,192,187545,1,0,0:0:0:0:
448,192,187545,1,0,0:0:0:0:
192,192,187635,1,0,0:0:0:0:
64,192,187725,1,0,0:0:0:0:
192,192,187816,1,0,0:0:0:0:
320,192,187906,1,0,0:0:0:0:
448,192,187996,1,0,0:0:0:0:
320,192,188087,1,0,0:0:0:0:
192,192,188087,1,0,0:0:0:0:
64,192,188087,1,0,0:0:0:0:
448,192,188177,1,0,0:0:0:0:
320,192,188268,1,0,0:0:0:0:
192,192,188358,1,0,0:0:0:0:
320,192,188448,1,0,0:0:0:0:
448,192,188448,1,0,0:0:0:0:
64,192,188448,1,0,0:0:0:0:
192,192,188539,1,0,0:0:0:0:
320,192,188629,1,0,0:0:0:0:
448,192,188719,1,0,0:0:0:0:
64,192,188810,1,0,0:0:0:0:
192,192,188990,1,0,0:0:0:0:
448,192,188990,1,0,0:0:0:0:
64,192,188990,1,0,0:0:0:0:
320,192,189081,1,0,0:0:0:0:
448,192,189171,1,0,0:0:0:0:
320,192,189262,1,0,0:0:0:0:
192,192,189352,1,0,0:0:0:0:
448,192,189442,1,0,0:0:0:0:
64,192,189533,1,0,0:0:0:0:
192,192,189623,1,0,0:0:0:0:
448,192,189713,1,0,0:0:0:0:
64,192,189713,1,0,0:0:0:0:
320,192,189804,1,0,0:0:0:0:
192,192,189894,1,0,0:0:0:0:
320,192,189984,1,0,0:0:0:0:
448,192,190075,1,0,0:0:0:0:
192,192,190075,1,0,0:0:0:0:
64,192,190075,1,0,0:0:0:0:
320,192,190165,1,0,0:0:0:0:
448,192,190256,1,0,0:0:0:0:
192,192,190256,1,0,0:0:0:0:
64,192,190256,1,0,0:0:0:0:
320,192,190346,1,0,0:0:0:0:
192,192,190436,1,0,0:0:0:0:
448,192,190436,1,0,0:0:0:0:
64,192,190436,1,0,0:0:0:0:
320,192,190527,1,0,0:0:0:0:
448,192,190617,1,0,0:0:0:0:
320,192,190707,1,0,0:0:0:0:
192,192,190798,1,0,0:0:0:0:
64,192,190888,1,0,0:0:0:0:
448,192,190978,1,0,0:0:0:0:
320,192,190978,1,0,0:0:0:0:
192,192,190978,1,0,0:0:0:0:
64,192,191069,1,0,0:0:0:0:
448,192,191159,1,0,0:0:0:0:
320,192,191159,1,0,0:0:0:0:
192,192,191249,1,0,0:0:0:0:
64,192,191340,1,0,0:0:0:0:
320,192,191340,1,0,0:0:0:0:
448,192,191340,1,0,0:0:0:0:
192,192,191430,1,0,0:0:0:0:
320,192,191521,1,0,0:0:0:0:
448,192,191611,1,0,0:0:0:0:
320,192,191701,1,0,0:0:0:0:
192,192,191792,1,0,0:0:0:0:
320,192,191882,1,0,0:0:0:0:
448,192,191882,1,0,0:0:0:0:
64,192,191882,1,0,0:0:0:0:
192,192,191972,1,0,0:0:0:0:
320,192,192063,1,0,0:0:0:0:
448,192,192153,1,0,0:0:0:0:
320,192,192243,1,4,0:0:0:0:
192,192,192243,1,4,0:0:0:0:
64,192,192243,1,4,0:0:0:0:
448,192,192334,1,0,0:0:0:0:
320,192,192424,1,4,0:0:0:0:
192,192,192424,1,4,0:0:0:0:
64,192,192424,1,4,0:0:0:0:
448,192,192515,1,0,0:0:0:0:
192,192,192605,1,4,0:0:0:0:
64,192,192605,1,4,0:0:0:0:
320,192,192695,1,0,0:0:0:0:
448,192,192786,1,0,0:0:0:0:
320,192,192876,1,0,0:0:0:0:
192,192,192966,1,0,0:0:0:0:
64,192,192966,1,0,0:0:0:0:
448,192,192966,1,0,0:0:0:0:
320,192,193057,1,0,0:0:0:0:
192,192,193147,1,0,0:0:0:0:
448,192,193147,1,0,0:0:0:0:
64,192,193147,1,0,0:0:0:0:
320,192,193237,1,0,0:0:0:0:
448,192,193328,1,0,0:0:0:0:
64,192,193418,1,0,0:0:0:0:
320,192,193509,1,0,0:0:0:0:
448,192,193599,1,0,0:0:0:0:
192,192,193689,1,0,0:0:0:0:
64,192,193780,1,0,0:0:0:0:
192,192,193870,1,0,0:0:0:0:
320,192,193960,1,0,0:0:0:0:
448,192,194051,1,0,0:0:0:0:
64,192,194141,1,0,0:0:0:0:
192,192,194231,1,0,0:0:0:0:
320,192,194322,1,0,0:0:0:0:
448,192,194412,1,0,0:0:0:0:
64,192,194503,1,0,0:0:0:0:
192,192,194593,1,0,0:0:0:0:
320,192,194683,1,0,0:0:0:0:
448,192,194774,1,0,0:0:0:0:
192,192,194774,1,0,0:0:0:0:
64,192,194774,1,0,0:0:0:0:
320,192,194864,1,0,0:0:0:0:
192,192,194954,1,0,0:0:0:0:
64,192,195045,1,0,0:0:0:0:
192,192,195135,1,0,0:0:0:0:
320,192,195135,1,0,0:0:0:0:
448,192,195135,1,0,0:0:0:0:
64,192,195225,1,0,0:0:0:0:
192,192,195316,1,0,0:0:0:0:
320,192,195406,1,0,0:0:0:0:
448,192,195496,1,0,0:0:0:0:
64,192,195496,1,0,0:0:0:0:
320,192,195587,1,0,0:0:0:0:
192,192,195677,1,0,0:0:0:0:
64,192,195768,1,0,0:0:0:0:
192,192,195858,1,0,0:0:0:0:
320,192,195858,1,0,0:0:0:0:
448,192,195858,1,0,0:0:0:0:
64,192,195948,1,0,0:0:0:0:
192,192,196039,1,0,0:0:0:0:
320,192,196039,1,0,0:0:0:0:
448,192,196039,1,0,0:0:0:0:
64,192,196129,1,0,0:0:0:0:
192,192,196219,1,0,0:0:0:0:
320,192,196219,1,0,0:0:0:0:
448,192,196219,1,0,0:0:0:0:
64,192,196310,1,0,0:0:0:0:
192,192,196400,1,0,0:0:0:0:
320,192,196490,1,0,0:0:0:0:
448,192,196581,1,0,0:0:0:0:
320,192,196671,1,0,0:0:0:0:
192,192,196762,1,0,0:0:0:0:
64,192,196762,1,0,0:0:0:0:
448,192,196762,1,0,0:0:0:0:
320,192,196852,1,0,0:0:0:0:
448,192,196942,1,0,0:0:0:0:
64,192,196942,1,0,0:0:0:0:
192,192,197033,1,0,0:0:0:0:
320,192,197123,1,0,0:0:0:0:
448,192,197123,1,0,0:0:0:0:
64,192,197123,1,0,0:0:0:0:
192,192,197213,1,0,0:0:0:0:
320,192,197304,1,0,0:0:0:0:
448,192,197394,1,0,0:0:0:0:
320,192,197484,1,0,0:0:0:0:
192,192,197575,1,0,0:0:0:0:
64,192,197665,1,0,0:0:0:0:
192,192,197756,1,0,0:0:0:0:
320,192,197846,1,0,0:0:0:0:
448,192,197936,1,0,0:0:0:0:
64,192,198027,1,4,0:0:0:0:
320,192,198027,1,4,0:0:0:0:
192,192,198027,1,4,0:0:0:0:
448,192,198117,1,0,0:0:0:0:
320,192,198207,1,4,0:0:0:0:
64,192,198207,1,4,0:0:0:0:
192,192,198207,1,4,0:0:0:0:
448,192,198298,1,0,0:0:0:0:
64,192,198388,1,4,0:0:0:0:
192,192,198388,1,4,0:0:0:0:
320,192,198478,1,0,0:0:0:0:
448,192,198569,1,0,0:0:0:0:
192,192,198659,1,0,0:0:0:0:
64,192,198749,1,0,0:0:0:0:
320,192,198749,1,0,0:0:0:0:
448,192,198749,1,0,0:0:0:0:
192,192,198840,1,0,0:0:0:0:
64,192,198930,1,0,0:0:0:0:
320,192,198930,1,0,0:0:0:0:
448,192,198930,1,0,0:0:0:0:
192,192,199021,1,0,0:0:0:0:
64,192,199111,1,0,0:0:0:0:
320,192,199111,1,0,0:0:0:0:
448,192,199111,1,0,0:0:0:0:
192,192,199201,1,0,0:0:0:0:
320,192,199292,1,0,0:0:0:0:
448,192,199382,1,0,0:0:0:0:
320,192,199472,1,0,0:0:0:0:
192,192,199563,1,0,0:0:0:0:
64,192,199653,1,0,0:0:0:0:
320,192,199653,1,0,0:0:0:0:
448,192,199653,1,0,0:0:0:0:
192,192,199743,1,0,0:0:0:0:
320,192,199834,1,0,0:0:0:0:
448,192,199834,1,0,0:0:0:0:
64,192,199924,1,0,0:0:0:0:
448,192,200015,1,0,0:0:0:0:
320,192,200015,1,0,0:0:0:0:
192,192,200015,1,0,0:0:0:0:
64,192,200105,1,0,0:0:0:0:
192,192,200195,1,0,0:0:0:0:
320,192,200286,1,0,0:0:0:0:
448,192,200376,1,0,0:0:0:0:
320,192,200466,1,0,0:0:0:0:
192,192,200557,1,0,0:0:0:0:
448,192,200557,1,0,0:0:0:0:
64,192,200557,1,0,0:0:0:0:
320,192,200647,1,0,0:0:0:0:
448,192,200737,1,0,0:0:0:0:
320,192,200828,1,0,0:0:0:0:
192,192,200918,1,0,0:0:0:0:
64,192,201009,1,0,0:0:0:0:
448,192,201099,1,0,0:0:0:0:
320,192,201189,1,0,0:0:0:0:
192,192,201280,1,0,0:0:0:0:
64,192,201280,1,0,0:0:0:0:
448,192,201370,1,0,0:0:0:0:
320,192,201460,1,0,0:0:0:0:
192,192,201551,1,0,0:0:0:0:
64,192,201641,1,0,0:0:0:0:
320,192,201641,1,0,0:0:0:0:
448,192,201641,1,0,0:0:0:0:
192,192,201731,1,0,0:0:0:0:
64,192,201822,1,0,0:0:0:0:
448,192,201822,1,0,0:0:0:0:
320,192,201822,1,0,0:0:0:0:
192,192,201912,1,0,0:0:0:0:
64,192,202003,1,0,0:0:0:0:
320,192,202003,1,0,0:0:0:0:
448,192,202003,1,0,0:0:0:0:
192,192,202093,1,0,0:0:0:0:
448,192,202183,1,0,0:0:0:0:
320,192,202274,1,0,0:0:0:0:
192,192,202364,1,0,0:0:0:0:
64,192,202454,1,0,0:0:0:0:
192,192,202545,1,0,0:0:0:0:
320,192,202635,1,0,0:0:0:0:
448,192,202725,1,0,0:0:0:0:
64,192,202725,1,0,0:0:0:0:
320,192,202816,1,0,0:0:0:0:
192,192,202906,1,0,0:0:0:0:
448,192,202906,1,0,0:0:0:0:
64,192,202906,1,0,0:0:0:0:
320,192,202996,1,0,0:0:0:0:
448,192,203087,1,0,0:0:0:0:
320,192,203177,1,0,0:0:0:0:
192,192,203268,1,0,0:0:0:0:
64,192,203358,1,0,0:0:0:0:
320,192,203448,1,0,0:0:0:0:
448,192,203448,1,0,0:0:0:0:
192,192,203448,1,0,0:0:0:0:
64,192,203539,1,0,0:0:0:0:
192,192,203629,1,0,0:0:0:0:
320,192,203719,1,0,0:0:0:0:
448,192,203810,1,4,0:0:0:0:
192,192,203810,1,4,0:0:0:0:
64,192,203810,1,4,0:0:0:0:
320,192,203900,1,0,0:0:0:0:
448,192,203990,1,4,0:0:0:0:
192,192,203990,1,4,0:0:0:0:
64,192,203990,1,4,0:0:0:0:
320,192,204081,1,0,0:0:0:0:
448,192,204171,1,4,0:0:0:0:
64,192,204171,1,4,0:0:0:0:
192,192,204262,1,0,0:0:0:0:
320,192,204352,1,0,0:0:0:0:
448,192,204442,1,0,0:0:0:0:
320,192,204533,1,0,0:0:0:0:
192,192,204533,1,0,0:0:0:0:
64,192,204533,1,0,0:0:0:0:
448,192,204623,1,0,0:0:0:0:
320,192,204713,1,0,0:0:0:0:
192,192,204713,1,0,0:0:0:0:
64,192,204713,1,0,0:0:0:0:
448,192,204804,1,0,0:0:0:0:
64,192,204894,1,0,0:0:0:0:
320,192,204894,1,0,0:0:0:0:
192,192,204894,1,0,0:0:0:0:
448,192,204984,1,0,0:0:0:0:
192,192,205075,1,0,0:0:0:0:
448,192,205165,1,0,0:0:0:0:
320,192,205256,1,0,0:0:0:0:
192,192,205346,1,0,0:0:0:0:
64,192,205436,1,0,0:0:0:0:
192,192,205527,1,0,0:0:0:0:
320,192,205617,1,0,0:0:0:0:
448,192,205707,1,0,0:0:0:0:
320,192,205798,1,0,0:0:0:0:
192,192,205888,1,0,0:0:0:0:
64,192,205978,1,0,0:0:0:0:
192,192,206069,1,0,0:0:0:0:
320,192,206159,1,0,0:0:0:0:
448,192,206249,1,0,0:0:0:0:
320,192,206340,1,0,0:0:0:0:
192,192,206430,1,0,0:0:0:0:
64,192,206521,1,0,0:0:0:0:
320,192,206611,1,0,0:0:0:0:
448,192,206701,1,0,0:0:0:0:
192,192,206701,1,0,0:0:0:0:
64,192,206701,1,0,0:0:0:0:
320,192,206792,1,0,0:0:0:0:
192,192,206882,1,0,0:0:0:0:
64,192,206972,1,0,0:0:0:0:
192,192,207063,1,0,0:0:0:0:
448,192,207063,1,0,0:0:0:0:
320,192,207153,1,0,0:0:0:0:
448,192,207243,1,0,0:0:0:0:
320,192,207334,1,0,0:0:0:0:
64,192,207424,1,0,0:0:0:0:
192,192,207424,1,0,0:0:0:0:
448,192,207424,1,0,0:0:0:0:
320,192,207515,1,0,0:0:0:0:
448,192,207605,1,0,0:0:0:0:
64,192,207605,1,0,0:0:0:0:
192,192,207605,1,0,0:0:0:0:
320,192,207695,1,0,0:0:0:0:
448,192,207786,1,0,0:0:0:0:
64,192,207786,1,0,0:0:0:0:
192,192,207786,1,0,0:0:0:0:
320,192,207876,1,0,0:0:0:0:
192,192,207966,1,0,0:0:0:0:
448,192,208057,1,0,0:0:0:0:
64,192,208147,1,0,0:0:0:0:
448,192,208237,1,0,0:0:0:0:
64,192,208328,1,0,0:0:0:0:
192,192,208328,1,0,0:0:0:0:
320,192,208328,1,0,0:0:0:0:
448,192,208418,1,0,0:0:0:0:
192,192,208509,1,0,0:0:0:0:
320,192,208509,1,0,0:0:0:0:
64,192,208599,1,0,0:0:0:0:
192,192,208689,1,0,0:0:0:0:
448,192,208689,1,0,0:0:0:0:
320,192,208689,1,0,0:0:0:0:
192,192,209051,1,0,0:0:0:0:
448,192,209412,128,0,210135:0:0:0:0:
64,192,209412,128,0,210135:0:0:0:0:
